C1,C2,C3,C4,C5,C6,C7,C8
0.221908086,0.688523248,0.067136871,0.016282235,0.001668292,0.001235693,0.000625326,0.002620249
0.601838825,0.316436243,0.043327834,0.019211519,0.012398959,0.002988014,5.86678E-05,0.003739938
0.470463475,0.321350739,0.153775555,0.035230864,0.010192805,0.004764059,0.002636418,0.001586084
0.457343231,0.500697715,0.028110781,0.004001254,0.000247044,0.008666896,0.000683621,0.000249457
0.999031946,0.000790823,0.000150304,5.27956E-07,5.83348E-06,1.63642E-05,3.18613E-06,1.01507E-06
0.644275392,0.017607714,0.224827896,0.009883977,0.080854499,0.004169396,0.008766491,0.009614635
0.065815502,0.462646767,0.427697518,0.028190936,0.003189616,0.002013776,0.002179631,0.008266254
0.566104273,0.173716908,0.033830677,0.115505806,0.024647544,0.014740464,0.024140971,0.047313358
0.004047322,0.170889491,0.548304065,0.216283327,0.052442747,0.007218514,0.000356902,0.000457632
0.649037554,0.039488901,0.084038878,0.002378718,0.055118164,0.091586548,0.075301554,0.003049683
0.589378801,0.330900392,0.015525469,0.013704054,0.026386202,0.011730059,0.008527295,0.003847727
0.996282533,0.00066509,0.002047954,5.14722E-05,0.000559126,0.000178451,0.00019526,2.01127E-05
0.515988951,0.320027896,0.143228454,0.020109587,0.00027531,0.000210517,0.000130403,2.88824E-05
0.475461893,0.13378022,0.181201991,0.083135096,0.102021896,0.02436878,4.07948E-06,2.60449E-05
0.521564845,0.207779702,0.00010591,0.168340403,0.066726711,0.007183274,0.011208218,0.017090937
0.51708528,0.416400329,0.015037864,0.011681296,0.007551501,0.023458727,0.001731845,0.007053159
0.3766505,0.059261614,0.500589133,0.020715418,0.042349879,0.000331606,2.93633E-05,7.2487E-05
0.17441732,0.542561511,0.143111631,0.087587103,0.002331515,0.046947997,0.002353467,0.000689455
0.265929925,0.423602774,0.076974586,0.177108145,0.053862884,0.000259977,0.000117484,0.002144225
0.356074837,0.376698154,0.229842878,0.035848127,0.000426355,0.000110157,0.00052989,0.000469601
0.927224444,0.022865329,0.005481733,0.035440146,0.006813867,0.000379899,0.001777852,1.67304E-05
0.028339634,0.132515949,0.652595136,0.084199606,0.047270355,0.004159625,0.030558408,0.020361288
0.23649684,0.423437703,0.192296023,0.02496215,0.05074437,0.002680389,0.041153633,0.028228891
0.542289017,0.442968201,0.01285665,0.001017692,0.000240256,4.88082E-05,0.00038613,0.000193245
0.457861544,0.528351331,0.013683406,7.30691E-05,2.82327E-05,6.13185E-07,1.75386E-06,4.99558E-08
0.214426156,0.564947359,0.017082971,0.141362133,0.006066928,0.006916417,0.033582424,0.015615612
0.387189811,0.092488166,0.092173911,0.14816407,0.230023384,0.010456492,0.02000638,0.019497787
0.505356902,0.185443191,0.092802671,0.18071421,0.031100682,0.002655355,0.000176203,0.001750786
0.524164057,0.403400723,0.015179825,0.021260697,0.015691556,0.01580572,0.004335342,0.00016208
0.052376007,0.653271833,0.143320774,0.054056356,0.089918633,0.00287278,0.002382236,0.001801382
0.856919705,0.03174469,0.082839464,0.013096824,0.008113213,0.004136662,0.000616348,0.002533094
0.959006551,0.022162743,0.009530389,0.007678828,0.001373415,0.000193848,3.99578E-05,1.42684E-05
0.286466538,0.174770649,0.224495719,0.278618726,0.001872468,0.006924262,0.010923394,0.015928244
0.625615362,0.105177422,0.231208238,0.003665927,0.028165234,0.000479829,0.005045325,0.000642662
0.394459481,0.350212423,0.252303399,0.001933517,0.000381474,0.000600644,9.99862E-06,9.90629E-05
0.401846524,0.13852544,0.285347611,0.026487549,0.110353686,0.029941743,0.006892976,0.00060447
0.894310542,0.052973562,0.049996306,0.001557444,0.00032738,0.000779525,6.16573E-06,4.90756E-05
0.773918442,0.148156981,0.065364527,0.001867808,0.001634123,0.006240413,0.000302632,0.002515074
0.577226061,0.090104212,0.017705348,0.220548458,0.082766067,0.006500955,0.004983534,0.000165364
0.809805294,0.032301478,0.120984434,0.024392066,0.008635756,0.00100137,0.000241263,0.002638339
0.729345207,0.209393739,0.043063246,0.017700992,0.000154394,0.000137226,4.38387E-05,0.000161357
0.315750702,0.635863062,0.002505269,0.034200457,0.00791051,0.002569189,0.001156746,4.40643E-05
0.583285023,0.161965565,0.254720375,2.76172E-05,1.16741E-06,3.19573E-08,1.57068E-08,2.05349E-07
0.245297006,0.1154797,0.155177329,0.452464819,0.029251605,0.001755223,0.000240285,0.000334032
0.56125733,0.245239282,0.113514569,0.061639024,0.009860859,0.002552815,0.002948043,0.002988078
0.954179293,0.024869977,0.013547428,3.96878E-05,0.002177031,0.003604506,0.001484973,9.71057E-05
0.114171403,0.805990834,0.030292084,0.008555103,0.02416459,0.012908631,0.000966405,0.00295095
0.757083576,0.074280893,0.087247919,0.03548897,0.009674971,0.004315351,0.024804169,0.007104152
0.341704626,0.188952388,0.365891317,0.077853066,0.010260435,0.000810783,0.005028988,0.009498396
0.925595299,0.032141601,0.029141653,0.012043787,0.000354775,9.72242E-05,0.000507795,0.000117866
0.271412008,0.221614628,0.05797748,0.289741761,0.002826053,0.129978736,0.025355535,0.001093799
0.231970973,0.595185373,0.012284497,0.137884292,0.000725598,0.007991306,0.004882468,0.009075493
0.202864111,0.130907043,0.397429938,0.069586404,0.163615534,0.020092432,0.006260404,0.009244134
0.752198523,0.003939969,0.010637689,0.03162437,0.135618404,0.052136523,0.011339704,0.002504819
0.390129927,0.259015159,0.223240317,0.044746184,0.059849068,0.004797628,0.013248728,0.004972988
0.550563335,0.143727351,0.015328479,0.101701996,0.032456456,0.105129375,0.004547644,0.046545365
0.614120335,0.00602197,0.34716401,0.004010185,0.016605329,0.009144517,0.0003702,0.002563452
0.59449039,0.233152841,0.067900981,0.102366219,0.000919678,0.000214647,2.10912E-05,0.000934152
0.341510144,0.355057287,0.263546829,0.02382588,0.010743546,0.002779807,0.000945915,0.001590591
0.141871995,0.737594474,0.010227587,0.030543535,0.033793583,0.018676381,0.006730951,0.020561494
0.114562272,0.482157327,0.389631888,0.01255121,0.000325105,9.00537E-05,5.28782E-05,0.000629266
0.746130733,0.051145038,0.190397116,0.008223508,0.000305044,0.00088131,0.002884731,3.25202E-05
0.59348295,0.318758388,0.008973589,0.059039796,0.00770995,0.002509807,0.000760498,0.008765023
0.21413194,0.08452858,0.589271251,0.051461958,0.025331089,0.005047096,0.001052104,0.029175983
0.467568916,0.355090426,0.104607406,0.036978992,0.01981189,0.004303871,0.001768598,0.009869902
0.203565613,0.098243093,0.487850795,0.048093719,0.036970712,0.112153649,0.00949059,0.003631831
0.460402451,0.465509224,0.00164057,0.02835065,0.036565031,0.007072433,0.00020555,0.00025409
0.106603353,0.549882168,0.210962228,0.030084054,0.052002819,0.036748304,0.011983948,0.001733126
0.509967704,0.07008618,0.154476526,0.028702005,0.217413474,0.007226293,0.005778048,0.006349771
0.666547795,0.23989019,0.054136668,0.017238656,0.00514618,0.013297434,0.002610369,0.001132709
0.669568906,0.21583699,0.00039913,0.075718035,0.031930351,0.002435474,0.00339332,0.000717793
0.73526894,0.122038199,0.024551951,0.02869925,0.043944291,0.020208392,0.017455983,0.007832994
0.079098998,0.536806755,0.093862073,0.245080487,0.015024522,0.015741042,0.011571358,0.002814764
0.008802738,0.109664249,0.231164599,0.598446293,0.040758122,0.006797522,0.001715248,0.00265123
0.696907611,0.108144586,0.126318485,0.049991056,0.012136759,0.003806164,0.001171941,0.001523399
0.484705513,0.047123461,0.460931858,1.29753E-05,0.002430803,0.00032489,0.003565967,0.000904533
0.853561086,0.020203252,0.044641346,0.014506158,0.040023094,0.0099931,0.014151223,0.002920741
0.470319946,0.417235036,0.09350895,0.00257865,0.000323502,0.014835715,0.000802504,0.000395696
0.778692042,0.204773015,0.010538361,0.001020222,0.00345223,0.00136213,0.000114835,4.71639E-05
0.995042738,0.000796929,0.000553367,0.001480285,0.001599613,0.000485262,1.16159E-05,3.01884E-05
0.967976161,0.024257484,0.002892,0.002614273,0.001550941,0.000590147,0.000110036,8.95813E-06
0.257851255,0.174323291,0.262948487,0.151689652,0.079466922,0.060657451,0.00793291,0.00513003
0.408763474,0.576926958,0.002403577,0.006008652,0.00453712,0.001049911,0.000197458,0.000112851
0.339689466,0.155424437,0.434602398,0.032961121,0.015008522,0.017781384,0.004188939,0.000343732
0.972593267,0.00445124,0.015481462,0.00075063,0.000885013,0.000677577,0.002310477,0.002850334
0.126668718,0.408879695,0.243900467,0.201765669,0.014001665,0.00096213,0.000509158,0.003312498
0.342760242,0.197550572,0.04320431,0.412627195,0.002118068,0.000341963,0.000296244,0.001101405
0.043115948,0.687018128,0.126661817,0.087636966,0.001114549,0.050240559,0.004123829,8.82037E-05
0.388009176,0.238733908,0.174287794,0.111398994,0.059628008,0.021734947,0.001741861,0.004465311
0.415032608,0.274954074,0.121358528,0.100712897,0.05908892,0.012130855,0.014748741,0.001973379
0.254135162,0.415140282,0.104829652,0.113626532,0.047122024,0.013091556,0.011770865,0.040283927
0.328669907,0.668842504,0.002269349,5.92773E-05,3.49398E-05,9.75053E-05,2.58165E-05,7.01586E-07
0.155603552,0.274188726,0.494455947,0.060204881,0.007517116,0.007319473,0.000244451,0.000465853
0.548947978,0.386499682,0.008038395,0.015414989,0.028128902,0.002929706,0.001167607,0.008872741
0.26312577,0.374531407,0.062379724,0.014483986,0.230137756,0.048279663,0.004994607,0.002067086
0.580384515,0.258642156,0.145658861,0.012390474,0.001997393,0.000801957,0.000115761,8.88388E-06
0.920291518,0.037003499,0.023406978,0.014554536,0.001703182,0.000584683,0.000353805,0.0021018
0.122931133,0.087755877,0.340413595,0.210732999,0.086238392,0.058967327,0.03515482,0.057805859
0.852580792,0.069437144,0.071784003,0.002240611,0.002011266,0.001894598,3.394E-05,1.7647E-05
0.318948152,0.002772438,0.545994026,0.016614981,0.099442892,0.010393397,0.001588748,0.004245365
0.660741998,0.175941158,0.072667175,0.036954812,0.046617273,0.00228456,0.000939281,0.003853744
0.212078053,0.181725061,0.604588903,0.000474757,0.00108137,3.639E-05,2.5321E-06,1.2935E-05
0.066058137,0.394352659,0.142517196,0.329254483,0.046262898,0.012532768,0.000646055,0.008375804
0.044557337,0.241960626,0.312159511,0.225527813,0.090026922,0.056048388,0.014250794,0.01546861
0.596722808,0.34745073,0.030905346,0.005054874,0.007925991,0.001032302,0.008157408,0.002750543
0.464225992,0.024228378,0.305934517,0.204771141,0.000388396,7.14177E-05,0.000134647,0.000245512
0.150185973,0.147434645,0.251689227,0.283637934,0.002627036,0.048754003,0.102803019,0.012868163
0.050424065,0.692342852,0.041769559,0.026461891,0.024811082,0.07262551,0.011056837,0.080508204
0.738770506,0.243933517,0.010615077,0.003120003,0.002696735,5.3818E-06,0.00063125,0.000227532
0.74320844,0.205144353,0.050393762,0.000977357,0.000221495,3.26135E-06,1.26978E-05,3.86333E-05
0.692351951,0.117458199,0.070099591,0.02854026,0.008472937,0.060598992,0.017661244,0.004816825
0.782223563,0.140270612,0.001195314,0.015198153,0.031697793,0.019416376,0.00550321,0.004494979
0.407224787,0.204713383,0.132345162,0.131865132,0.009989788,0.01703467,0.056134934,0.040692144
0.606242634,0.264787557,0.075624669,0.009024574,0.001507785,0.037415832,0.000692657,0.004704292
0.378878329,0.081439986,0.409839465,0.063316114,0.0454444,0.002121306,0.016070723,0.002889677
0.570973963,0.067570046,0.252842519,0.028832073,0.065204307,0.00892195,0.005583482,7.16605E-05
0.291689421,0.33512557,0.237082565,0.009320313,0.066749826,0.028359475,0.011987923,0.019684906
0.960407532,0.003787605,0.004117653,0.024892372,0.000634534,0.003410266,0.001598961,0.001151079
0.713770831,0.16218816,0.07744301,0.014202372,0.011114546,0.015436452,0.004397484,0.001447145
0.439262815,0.001939674,0.495743533,0.022377046,0.006548015,0.015491389,0.005330707,0.013306823
0.612005993,0.265000288,0.071380237,0.013280762,0.024214802,0.00668564,0.005394025,0.002038253
0.439535102,0.033758348,0.212480436,0.228919832,0.045480366,0.001846234,0.030853093,0.00712659
0.24548497,0.13389935,0.439149488,0.034509886,0.143864315,0.000281203,0.000772346,0.002038443
0.232946624,0.266833568,0.252100864,0.182738992,0.014269249,0.035017591,0.010366,0.005727111
0.602025685,0.300106276,0.074522247,0.003191973,0.002273702,0.000698051,0.01422769,0.002954375
0.711462693,0.222202034,0.000858737,0.032498321,0.022232067,0.003840573,0.002362579,0.004542995
0.012371224,0.352219383,0.124303991,0.200214238,0.038533562,0.240921655,0.016032017,0.015403929
0.373975952,0.500848907,0.009288274,0.09362319,0.011072228,0.003315888,0.00457922,0.003296341
0.178159563,0.735421603,0.055949897,0.026333128,0.003425404,0.000103779,0.000381479,0.000225147
0.206110867,0.086226418,0.068548092,0.160308717,0.221983668,0.126749327,0.038672926,0.091399984
0.084548618,0.247855934,0.361715486,0.032825355,0.048669194,0.125853978,0.082095572,0.016435864
0.313744312,0.213194617,0.240529349,0.00043662,0.102163511,0.076240383,0.023502941,0.030188267
0.065886091,0.416536942,0.27174248,0.093320817,0.027057545,0.115387763,0.009883071,0.000185292
0.460802042,0.210649206,0.300736738,0.017538118,0.005347494,0.00258634,0.001747201,0.00059286
0.181661632,0.479640039,0.249346924,0.012104852,0.018173185,0.039477658,0.01212413,0.00747158
0.381179319,0.296099676,0.083847676,0.004478734,0.177158335,0.051149748,0.005231511,0.000855
0.767436461,0.098676828,0.116918689,0.007221784,0.004800549,0.004497958,0.000346543,0.000101189
0.703846885,0.267095973,0.002879701,0.005908482,0.008033011,0.008367942,0.000919244,0.002948762
0.411540502,0.150166876,0.309117717,0.046911868,0.04806726,0.031793164,0.000849922,0.001552691
0.41202167,0.103453285,0.06049747,0.033753594,0.202172566,0.160615413,0.02094621,0.006539791
0.478879938,0.328632277,0.155947459,0.015005569,0.004829665,0.008704937,0.005269526,0.002730628
0.138335044,0.304838101,0.164852872,0.060086578,0.034908648,0.037019697,0.116455838,0.143503223
0.76834397,0.221449796,0.00342527,0.006000594,0.000185765,0.000432175,5.18973E-05,0.000110534
0.090952904,0.295570901,0.319080131,0.065215273,0.222278994,0.003716828,0.00100668,0.00217829
0.598581349,0.227070273,0.096896513,0.067715499,0.003832009,0.002978016,0.000413057,0.002513283
0.324332956,0.183565435,0.154925975,0.284912559,0.010074064,0.031402913,0.009090993,0.001695106
0.020570781,0.927054244,0.019504961,0.005807162,0.010929719,0.005188719,0.003506638,0.007437775
0.742906239,0.25600075,0.000187232,0.000873235,2.43453E-05,7.41798E-06,6.1302E-07,1.67709E-07
0.389712958,0.597005647,0.013159293,8.05742E-05,3.34953E-07,2.61225E-05,6.03176E-06,9.03938E-06
0.20265031,0.750074391,0.026347048,0.018310818,0.000243362,0.001502886,0.000687261,0.000183924
0.105511372,0.841117512,0.014959664,0.031962179,6.95488E-05,0.005300931,0.000440323,0.000638469
0.040654851,0.746441837,0.12905007,0.033295797,0.015756858,0.030121369,0.004209557,0.000469661
0.60857161,0.374749406,0.003340307,0.013154119,1.68268E-05,0.00013647,9.82852E-06,2.14325E-05
0.457080531,0.029739193,0.164119609,0.345110082,0.002412037,0.000916181,0.000403671,0.000218697
0.489489393,0.04094118,0.335856195,0.084079318,0.045384632,0.002136548,0.001567488,0.000545246
0.179295701,0.549338102,0.127163357,0.002899777,0.094607602,0.029246786,0.001046829,0.016401845
0.48393437,0.331272794,0.068547941,0.014385392,0.091920902,0.004688416,0.004524351,0.000725836
0.371273214,0.459583693,0.011221884,0.046618369,0.059472864,0.029936958,0.020230961,0.001662056
0.709752546,0.00664117,0.040382271,0.071024577,0.014635401,0.020984208,0.101641054,0.034938771
0.976756078,0.001187335,0.021284069,0.000471544,3.84798E-05,4.14303E-05,8.95019E-05,0.000131562
0.066379469,0.319436388,0.072191415,0.167553325,0.149975289,0.049965614,0.005584712,0.168913788
0.999821408,3.92011E-05,3.65793E-05,1.26295E-06,1.4773E-05,4.4606E-05,3.27922E-07,4.18418E-05
0.533012997,0.249210517,0.01396937,0.006237831,0.077021918,0.106850289,0.003058479,0.010638599
0.711481055,0.163894374,0.012499539,0.100757083,0.006858237,0.003511052,0.000944611,5.40484E-05
0.849740812,0.064274754,0.047662987,0.035221035,0.001826145,0.001098016,3.97491E-05,0.0001365
0.750344723,0.241990719,0.006165535,0.000471729,0.000716512,0.000165526,0.000118397,2.68592E-05
0.178632065,0.474582494,0.203360894,0.037769842,0.083136883,0.019694731,0.002010759,0.000812331
0.304682281,0.145958838,0.196797484,0.038878047,0.185784911,0.095017072,0.000249286,0.032632081
0.886358638,0.007815586,0.088215678,0.002033655,0.011872752,0.003646911,1.64924E-05,4.02878E-05
0.202473347,0.637403433,0.096079583,0.052580277,0.005331543,0.005741967,0.000344581,4.52697E-05
0.468730821,0.212333787,0.258097849,0.053666435,0.005524847,0.001306652,0.000307472,3.21368E-05
0.255453465,0.23260224,0.210916686,0.068317706,0.186626021,0.03832527,0.004690879,0.003067734
0.603192255,0.032918365,0.297014039,0.049440353,0.011002939,0.005265675,0.000252472,0.000913904
0.109787345,0.106976418,0.373360626,0.253735479,0.086545197,0.0303162,0.028882493,0.010396243
0.618100449,0.006050978,0.051630071,0.315276739,0.004758529,0.003052054,0.000271814,0.000859366
0.833520032,0.11620141,0.048416832,6.18611E-05,0.001757822,5.92972E-06,1.86892E-05,1.74248E-05
0.232942721,0.320729571,0.310486425,0.098072711,0.022098502,0.014799757,0.000151422,0.000718891
0.324166907,0.129523459,0.027263771,0.039397362,0.115249252,0.126061917,0.108366783,0.129970548
0.172839957,0.664323261,0.153740845,0.005157694,0.002961044,0.000734161,0.00018685,5.61892E-05
0.823899598,0.132736474,0.01105597,0.025416218,0.004101872,0.001248567,0.001194837,0.000346464
0.436693573,0.324879922,0.084597147,0.016789323,0.104267743,0.008411761,0.007038188,0.017322344
0.974510389,0.014305441,0.002027982,0.003447348,0.001644347,0.000792123,0.002481608,0.000790762
0.53314618,0.172928592,0.046295126,0.07657091,0.038736811,0.070634532,0.048084512,0.013603338
0.049601979,0.65031336,0.189110145,0.0270109,0.067031218,0.016496991,0.000119476,0.000315932
0.053384512,0.13371063,0.225006424,0.233629941,0.236232568,0.117267365,0.000103104,0.000665458
0.194841951,0.187680815,0.452060198,0.068565888,0.040058995,0.007889085,0.034526801,0.014376267
0.287298755,0.370629021,0.143815415,0.135965327,0.044565193,0.006300815,0.004752791,0.006672683
0.411614279,0.367647836,0.213752885,0.001861503,0.000716033,0.003004216,0.000813943,0.000589305
0.143315205,0.545814744,0.149313647,0.034963334,0.057785271,0.035330121,0.021489278,0.0119884
0.613937737,0.00786596,0.101881859,0.16070805,0.056966604,0.052053809,5.05856E-05,0.006535395
0.691122097,0.05618095,0.108722821,0.057625424,0.037012398,0.00048361,0.002065717,0.046786982
0.430480671,0.107937367,0.076249127,0.200562994,0.001218081,0.16484024,0.004911917,0.013799603
0.866244221,0.004185383,0.054410648,0.073989257,0.001061612,6.60296E-05,3.36537E-05,9.19525E-06
0.473952051,0.366833606,0.140093587,0.010236676,0.000954425,0.000666061,0.002963116,0.004300478
0.087438567,0.479828564,0.023095905,0.267390235,0.076629838,0.033633301,0.004133248,0.027850342
0.873582028,0.073819799,0.043039962,0.006936027,0.002522848,1.24978E-05,4.52398E-05,4.15986E-05
0.814612255,0.124927792,0.00837776,0.037424862,0.008950903,0.005290384,2.3191E-05,0.000392854
0.320651344,0.215893237,0.254996008,0.191934841,0.001199862,0.010766381,0.004048244,0.000510083
0.455070282,0.285028448,0.047269778,0.111316721,0.056917169,0.02105327,0.017961506,0.005382826
0.323491718,0.595270647,0.039240384,0.036590344,0.001153188,0.002413326,0.001437358,0.000403036
0.792028103,0.177288903,0.003357895,0.014151926,0.00038953,0.006287945,0.004738295,0.001757403
0.828426758,0.0304666,0.012209317,0.070499269,0.056102445,0.002085077,0.000182869,2.7665E-05
0.407773886,0.510805261,0.025461905,0.042411927,0.005888957,0.007591727,3.6493E-05,2.98454E-05
0.353812329,0.148620918,0.141385077,0.018495196,0.171789289,0.041478766,0.104140082,0.020278342
0.639986038,0.236290796,0.020462809,0.079589921,0.003919489,0.01326282,0.003665521,0.002822606
0.807944935,0.050275222,0.001798633,0.124764241,0.001638039,0.007879991,0.005173346,0.000525593
0.451858553,0.376688082,0.027095863,0.053004801,0.060070151,0.025543983,0.003640806,0.002097761
0.040740649,0.550317647,0.338369233,0.06285962,0.006944612,8.78944E-05,0.000458925,0.00022142
0.554102319,0.331612429,0.083303025,0.02953981,0.000552509,0.000834177,2.90416E-05,2.66906E-05
0.872990881,0.055400487,0.051835231,0.010961796,0.006612408,0.001312115,0.000814949,7.21343E-05
0.747415167,0.175467929,0.000809704,0.036179121,0.010012091,0.020575929,0.002636824,0.006903234
0.047783519,0.415961417,0.144279781,0.232707414,0.095626813,0.019265596,0.027137614,0.017237846
0.050401009,0.154001674,0.559255533,0.064449724,0.061780779,0.033195851,0.075004427,0.001911003
0.116467061,0.711412922,0.100289733,0.012565226,0.002588425,0.002803394,0.017679653,0.036193586
0.449030328,0.236985703,0.266278837,0.041324319,0.005651711,0.000272278,0.00024455,0.000212274
0.662437502,0.316369593,0.017105953,0.001650141,0.000820569,0.001423741,0.000180129,1.23702E-05
0.94252664,0.025032605,0.017916542,0.003919805,0.004908347,0.004323974,0.001320928,5.11592E-05
0.637965953,0.108397508,0.142381362,0.048953716,0.026349491,0.005927705,0.014471353,0.015552911
0.813504914,0.176127125,0.001310422,0.006764286,0.001859222,0.0002751,0.000151097,7.83439E-06
0.11063692,0.847705054,0.031676456,0.007919383,0.001022156,0.000281341,0.000569223,0.000189468
0.952690054,0.02682897,0.015438493,0.002237926,0.000490093,0.001557876,0.000355397,0.000401191
0.205850618,0.283670462,0.439019115,0.021515225,0.036233061,0.011667487,0.000874335,0.001169697
0.149542305,0.167137359,0.663222975,0.011765,0.005978212,1.08984E-06,0.001806569,0.000546489
0.707991087,0.141680622,0.115311892,0.014203768,0.013440562,0.004230164,0.000218621,0.002923285
0.117075098,0.843918944,0.008074676,0.001076665,0.013322017,0.012602175,0.003836692,9.37337E-05
0.904208937,0.01116997,0.009738141,0.053638618,0.016582975,0.001176354,0.000246657,0.003238348
0.410030842,0.04865394,0.03669168,0.141107407,0.273946307,0.023811356,0.026591521,0.039166946
0.441909769,0.177379685,0.24601065,0.05128769,0.060657316,0.017938507,0.004753595,6.27882E-05
0.79416798,0.171802347,0.032778218,2.39262E-05,0.000314488,0.000368148,0.00014382,0.000401074
0.924433189,0.000539279,0.020185079,0.005163941,0.021116447,0.004032843,0.02263907,0.001890152
0.474581433,0.276208563,0.126661759,0.010853461,0.108066537,0.001268891,0.000233106,0.002126249
0.436296181,0.39581342,0.079444266,0.026805554,0.019823935,0.013948862,0.007910444,0.019957338
0.022798609,0.570110526,0.361665585,0.023187939,0.005927154,0.004702267,0.003306178,0.008301742
0.256665751,0.380598479,0.348293305,0.011886319,0.000814704,0.000769705,6.74781E-05,0.000904259
0.57684728,0.046770176,0.094863273,0.193772527,0.024080839,0.028190255,0.021820715,0.013654935
0.536681562,0.290589113,0.054916578,0.009083069,0.030497093,0.065251533,0.012325669,0.000655383
0.432436002,0.542208115,0.021202725,0.002650485,0.00050481,0.000157112,0.00056917,0.000271581
0.612247341,0.112965379,0.015884611,0.09221751,0.024742606,0.001123785,0.08064948,0.060169288
0.073284775,0.26798248,0.647934043,0.009131603,0.001110713,0.000404253,7.96369E-05,7.24964E-05
0.262332989,0.231814526,0.143715067,0.144569899,0.050251612,0.061197819,0.017578276,0.088539812
0.568852329,0.251893477,0.075656602,0.031739791,0.057754269,0.010437486,0.00241766,0.001248388
0.757050494,0.227059552,0.013806352,0.001795686,0.00014616,0.000107893,3.28585E-05,1.00469E-06
0.146051551,0.060641683,0.37437766,0.265904841,0.072055383,0.060429328,0.019801123,0.000738431
0.304396045,0.29553991,0.032224824,0.328445365,0.031411992,0.004364085,0.002993224,0.000624556
0.174448308,0.368789441,0.135991771,0.071915713,0.20620446,0.024665306,0.008397217,0.009587783
0.350864202,0.334232221,0.308787886,0.003815843,0.001236198,0.00073838,0.000121234,0.000204036
0.98900632,0.007200374,0.001865126,8.79029E-05,0.001814873,1.3229E-05,3.18765E-06,8.98891E-06
0.292395588,0.657840098,0.008371311,0.01627365,0.000851782,0.00095539,0.01561566,0.007696521
0.342891095,0.073715193,0.333138556,0.105443802,0.125626329,0.003916315,0.001008008,0.014260702
0.233894129,0.256452835,0.335767739,0.02134762,0.055463804,0.08081523,0.005298874,0.010959768
0.031511366,0.769057022,0.182498085,0.004236157,0.001983204,0.007548147,0.000633308,0.002532712
0.657935658,0.212764794,0.022136976,0.041248025,0.000508154,0.038064707,0.014766368,0.012575319
0.54277033,0.084363073,0.294966959,0.045026594,0.00623071,0.021995911,0.003663925,0.000982498
0.545249989,0.033872922,0.294889637,0.086820944,0.020123474,0.017871365,0.000250433,0.000921236
0.289800144,0.444470992,0.001773614,0.19651196,0.037085084,0.017389726,0.008509463,0.004459018
0.98889367,0.005945935,0.00480425,2.42796E-05,0.000193645,0.000100644,3.4907E-05,2.66962E-06
0.911263352,0.081339305,0.005430292,0.001181975,0.000143883,0.000218289,8.88989E-05,0.000334005
0.372444405,0.22054786,0.181150755,0.08885475,0.005794669,0.085049858,0.021201428,0.024956276
0.300668759,0.245221738,0.426362874,0.01085218,0.015588459,0.000186946,0.00051644,0.000602605
0.442288855,0.449625101,0.094346212,0.011589758,0.000920065,0.00109868,5.15067E-05,7.98226E-05
0.477730513,0.014792457,0.098966424,0.156591382,0.121874615,0.048451916,0.054485822,0.027106871
0.392504701,0.550218656,0.009795341,0.022805219,0.01872731,0.001936554,0.002091683,0.001920537
0.138807006,0.342401418,0.007093151,0.311463536,0.098658999,0.048105444,0.005985939,0.047484506
0.088943223,0.656723124,0.161345489,0.037630543,0.045303314,0.00255924,0.005649849,0.001845218
0.21325039,0.420065726,0.019636319,0.095015421,0.192858892,0.048943563,0.008448304,0.001781383
0.41043613,0.379234196,0.18154728,0.007065909,0.015415017,0.001974643,0.001753717,0.002573108
0.865265852,0.053540385,0.078727756,0.000708969,0.00169482,2.74378E-05,2.56909E-05,9.08984E-06
0.043654694,0.094965662,0.377979377,0.00233474,0.449323913,0.020660392,0.000885526,0.010195696
0.141264188,0.646245914,0.009478137,0.053050328,0.04276268,0.101036102,0.003916171,0.00224648
0.451089022,0.078246369,0.405871796,0.045156868,0.012522798,0.002871528,0.001631395,0.002610226
0.573070608,0.161360445,0.116873455,0.075473127,0.042320518,0.015066882,0.005711882,0.010123083
0.207413161,0.252615376,0.419366258,0.111036256,0.004754434,0.00065884,0.004087063,6.86118E-05
0.374258751,0.260296763,0.026970716,0.168419566,0.010215118,0.017548594,0.063151298,0.079139193
0.085700586,0.831290204,0.04979497,0.00679492,0.007566079,0.016035268,0.001590783,0.001227191
0.146007789,0.219455708,0.473059402,0.027077071,0.084428386,0.034346792,0.00858222,0.007042632
0.931342074,0.010154265,0.036137347,0.0203674,0.001924228,2.3761E-05,3.2359E-05,1.85655E-05
0.559481243,0.366816068,0.071026261,0.001304876,0.001252956,0.000114016,2.70713E-06,1.87191E-06
0.492342407,0.222521758,0.060227286,0.168486012,0.010530283,0.01600731,0.011583116,0.018301828
0.130582714,0.588144859,0.20383425,0.065731217,0.010142082,0.000202263,0.001328168,3.44467E-05
0.770383683,0.053952165,0.121699075,0.008374647,0.008332241,0.034145149,0.000166895,0.002946144
0.337103902,0.537020155,0.046059907,0.04359187,0.026878497,0.003802961,0.00409917,0.001443538
0.606330911,0.098660415,0.153201451,0.008882367,0.070786815,0.060774074,0.001324204,3.97635E-05
0.750953974,0.228957408,0.015496383,0.000150084,0.003329962,0.000219841,0.000152502,0.000739846
0.195264304,0.368954226,0.022375154,0.332583136,0.057108664,0.023527344,0.000107382,7.97899E-05
0.61879797,0.217001846,0.141302534,0.009300299,0.009822595,0.000937745,0.00164817,0.00118884
0.445821018,0.049603962,0.374352539,0.082533184,0.035858424,0.010805729,0.000763691,0.000261453
0.935873518,0.007990121,0.025426723,0.00925805,0.019437777,0.000371628,0.001469419,0.000172763
0.58507683,0.227278675,0.08126065,0.056645829,0.04385507,0.00350268,0.000921632,0.001458633
0.553097721,0.045497899,0.162643904,0.178611008,0.001473052,0.051029061,0.002713015,0.004934339
0.128799418,0.134891056,0.437208457,0.060797049,0.229139408,0.005392943,0.002240747,0.001530923
0.458661084,0.065949578,0.070977338,0.099441334,0.068483986,0.187707221,0.019980331,0.028799128
0.508631495,0.356272428,0.118605971,0.005168908,0.004620392,0.003836543,0.000255844,0.00260842
0.238004447,0.511308522,0.060051101,0.176677478,0.000130318,0.006239487,0.003822049,0.003766597
0.514556141,0.304591474,0.176702853,0.003797098,0.000238279,6.56834E-05,3.59741E-05,1.24971E-05
0.243526855,0.487483718,0.027888296,0.196917746,0.004887897,0.036757352,0.001114834,0.001423303
0.201330648,0.076561796,0.359617255,0.001593718,0.143681786,0.129682213,0.084956341,0.002576242
0.560480475,0.410245797,0.0288883,0.000142429,0.000137068,4.60138E-05,3.97222E-05,2.01953E-05
0.891637138,0.025802287,0.005763857,0.045643249,0.023232425,0.006885157,0.000921628,0.00011426
0.765044961,0.233335999,0.000154188,0.000971626,0.000405771,2.31488E-05,4.3468E-05,2.08394E-05
0.773807015,0.208460045,0.007051676,0.006172391,0.004258674,1.0851E-05,0.000151996,8.73509E-05
0.181492117,0.741356261,0.031613909,0.044029417,0.001145321,6.31764E-05,1.82977E-05,0.0002815
0.306177079,0.422268764,0.187857631,0.067401579,0.013635671,0.001453588,0.00115361,5.20786E-05
0.06084427,0.265534121,0.597624002,0.063918656,0.006277111,0.002512468,0.000686646,0.002602725
0.99359089,0.005909607,0.000333776,2.01636E-05,8.57431E-05,2.92213E-05,3.46275E-06,2.71371E-05
0.616264745,0.171361005,0.086947795,0.058447763,0.021754318,0.014830366,0.01513386,0.015260147
0.944574173,0.022107976,0.026606582,0.001437966,0.002709654,0.001211538,0.000306294,0.001045817
0.020352891,0.536012752,0.139948101,0.188480092,0.056648374,0.03917488,0.018007779,0.001375131
0.31206409,0.092669237,0.148539594,0.418368445,0.025435715,0.000601237,0.001964921,0.000356761
0.015198622,0.710001531,0.166757119,0.063309445,0.015955649,0.000204898,0.017010612,0.011562124
0.537268972,0.220832895,0.159944497,0.023327225,0.05057222,0.000348241,0.000293086,0.007412864
0.560332002,0.017666337,0.302265943,0.014830288,0.061163316,0.002231775,0.021572664,0.019937675
0.633034783,0.294509014,0.039120998,0.019203599,0.006495263,0.005763112,0.001115906,0.000757324
0.929997961,0.05520944,0.007077549,0.000889684,0.001796714,0.003149524,0.000343818,0.00153531
0.378925781,0.371367748,0.048521612,0.104133699,0.07828703,0.017835526,0.000126301,0.000802303
0.708974272,0.036019483,0.127413413,0.041193142,0.037320451,0.024017722,0.011126388,0.013935129
0.794796611,0.010426068,0.134817326,0.005118867,0.002954407,0.04707798,0.003538951,0.001269791
0.856094571,0.069205143,0.041216197,0.025296637,0.001430618,0.004389845,0.001082226,0.001284764
0.846381084,0.122322792,0.019538435,0.006589806,0.001800511,0.000285153,0.002656848,0.000425371
0.124889203,0.114541285,0.579402198,0.030664616,0.123714123,0.008252558,0.010007401,0.008528614
0.741499081,0.123534476,0.016217277,0.096120479,0.017111963,0.001532733,0.000359858,0.003624131
0.890848459,0.107903753,0.001115579,0.000131604,4.85541E-07,2.68537E-08,1.25404E-09,9.09079E-08
0.223414434,0.024734616,0.273989911,0.313041877,0.069839014,0.000399024,0.001083361,0.093497763
0.53833851,0.194428028,0.112496169,0.004176531,0.031846535,0.086592947,0.017079731,0.015041549
0.813542276,0.135988099,0.021557425,0.018837159,0.006910208,0.002559333,0.000169333,0.000436167
0.445833016,0.09303496,0.332126004,0.076984276,0.001064174,0.050031232,0.000244746,0.000681593
0.070587769,0.91680191,0.007047294,0.003798856,0.001066907,0.000201881,0.000166924,0.00032846
0.817541733,0.15516849,0.005158271,0.01077965,0.00342426,0.001917978,0.002131172,0.003878445
0.73914802,0.211995652,0.025935772,0.016322249,0.002481545,0.00042651,0.002215591,0.001474662
0.327246781,0.657281708,0.00957093,0.004522518,0.000108021,0.000509516,0.00053285,0.000227676
0.99657181,0.001843975,0.001026942,0.000330672,0.000161995,1.89441E-05,2.36215E-05,2.20408E-05
0.186559018,0.747325564,0.01020891,0.000236397,0.039585184,0.008640108,0.003164417,0.004280403
0.787398395,0.120525134,0.084962769,0.0019978,0.004010906,0.000275318,0.000185997,0.000643681
0.379934996,0.280299988,0.074704673,0.229370388,0.019645232,0.002602093,0.007673384,0.005769247
0.060555216,0.912757419,0.009180499,0.008935158,0.00090007,0.001595013,0.003685073,0.002391553
0.302358697,0.601008247,0.083168474,0.005049647,0.000510384,0.000143151,0.003300321,0.00446108
0.928381533,0.016552151,0.028881979,0.00107113,0.008119751,0.012377257,0.002083987,0.002532212
0.314532487,0.353152747,0.177258767,0.033723618,0.100577279,0.000351498,0.014603894,0.005799711
0.319459587,0.435293584,0.243871272,0.000431073,0.000115917,4.31703E-05,0.000102733,0.000682663
0.758775297,0.213231409,0.017548854,0.004215908,0.00251222,0.003537111,7.88366E-05,0.000100364
0.581433818,0.037175137,0.306778646,0.023993787,0.025712207,0.013408757,0.001961864,0.009535784
0.944830626,0.013134628,0.033450542,3.2877E-05,0.002268044,0.00114098,0.000753712,0.004388591
0.210206854,0.102609644,0.488774789,0.007310183,0.079828734,0.05505859,0.039666084,0.016545122
0.112225457,0.088825291,0.177995524,0.047259116,0.353631196,0.167335597,0.037430038,0.015297781
0.666895647,0.15015114,0.033751922,0.067068625,0.050316029,0.005026075,0.010455883,0.01633468
0.59121923,0.370931867,0.018142031,0.002306418,0.002152479,0.014620476,0.000523145,0.000104354
0.873724128,0.076142602,0.02204552,0.026856045,0.000547255,0.000573058,4.13092E-05,7.00829E-05
0.257275813,0.203054542,0.011364857,0.178795875,0.267569473,0.017579806,0.023144646,0.041214989
0.542401142,0.384974653,0.03350039,0.031028294,0.003048718,0.003146162,0.001260214,0.000640426
0.147979415,0.785592914,0.01498547,0.045202272,0.004377315,0.001273655,0.000482185,0.000106775
0.478224125,0.307756746,0.105052541,0.092576865,0.000955113,0.007780395,0.00123475,0.006419464
0.520758787,0.236585733,0.120366464,0.00538062,0.093159175,0.013814476,0.00114916,0.008785585
0.026195375,0.165124583,0.450485493,0.078870967,0.079423503,0.082257812,0.064957068,0.0526852
0.908293691,0.03776194,0.026571177,0.021534507,0.002272265,0.001464281,0.000919864,0.001182275
0.864474944,0.127580198,0.000427428,0.000128677,0.002569737,0.001267879,0.00057238,0.002978756
0.784687492,0.052446366,0.077660819,0.017837864,0.039594515,0.009836837,0.014003391,0.003932715
0.757038647,0.196714865,0.005759756,0.018427856,0.00482,0.013948414,0.000596379,0.002694084
0.680578033,0.011459178,0.052569654,0.116862556,0.119257058,0.007378992,0.000412933,0.011481597
0.453361916,0.092228948,0.289877829,0.100104664,0.022436329,0.005472688,0.025783397,0.010734229
0.053399038,0.074785342,0.513383891,0.263650337,0.047074862,0.035161995,0.010591053,0.001953482
0.835945256,0.032295825,0.051679773,0.01075859,0.002733006,0.017479795,0.017852605,0.031255149
0.431657129,0.059123058,0.313966665,0.092610634,0.0754479,0.001187943,0.00673037,0.019276301
0.857123172,0.123182451,0.010600902,0.003670994,0.001614261,0.001083068,0.001784345,0.000940807
0.054608122,0.085256467,0.502873954,0.035363287,0.134674374,0.070678099,0.04849858,0.068047116
0.587727033,0.046320241,0.16718103,0.025109698,0.039128132,0.06897058,0.046452894,0.019110391
0.823191221,0.064213651,0.013601072,0.001352427,0.027427899,0.059034674,0.00837304,0.002806015
0.406415677,0.305136879,0.231310239,0.005466882,0.024280578,0.018282828,0.001877775,0.007229142
0.936785737,0.005681852,0.034423633,0.020853482,0.000238723,0.000697991,3.84561E-05,0.001280126
0.103871172,0.78082236,0.01728447,0.092399197,0.005491308,4.63052E-05,5.78247E-05,2.7363E-05
0.305520513,0.438360057,0.079904401,0.162473388,0.000674275,0.00845064,0.001061105,0.003555622
0.775827463,0.158801194,0.02546604,0.037706872,0.002083781,5.18835E-05,2.9217E-05,3.35503E-05
0.69263129,0.12281903,0.023843419,0.125122377,0.007212626,0.017341073,0.009082072,0.001948112
0.583074346,0.247821364,0.14190899,0.009198509,0.017914774,3.88399E-05,3.88578E-05,4.31845E-06
0.290579541,0.30868838,0.321121021,0.00767891,0.065656599,0.005209173,0.000702149,0.000364226
0.062394756,0.28370703,0.371016595,0.152157749,0.002858597,0.072320976,0.031991115,0.023553182
0.722325134,0.207894482,0.056256263,0.012893706,6.57316E-05,5.87253E-05,5.48229E-05,0.000451134
0.929162781,0.028130056,0.011951769,0.017318898,0.003644902,0.00875707,0.000453686,0.000580839
0.145104929,0.419888057,0.422050596,0.011073505,0.001447265,2.79433E-05,4.72585E-05,0.000360445
0.322727637,0.06485181,0.12555877,0.478233718,0.0013076,0.003241446,0.000112038,0.00396698
0.6689356,0.161642896,0.110097805,0.030883616,0.012122412,0.005491049,0.001341882,0.009484739
0.283016158,0.208533395,0.081812283,0.172270445,0.240868847,0.004395522,0.002763929,0.00633942
0.494610709,0.072201536,0.112082352,0.287597703,0.031561473,0.001226655,0.000440392,0.000279181
0.131836352,0.742246388,0.108999952,0.008248896,0.001302299,0.004820408,0.002269099,0.000276604
0.281135001,0.09228481,0.481940308,0.035447052,0.003441124,0.082765978,0.016688966,0.006296761
0.671015931,0.14450619,0.064908904,0.115248185,0.002197339,0.000885872,7.13066E-05,0.001166273
0.503571984,0.070563299,0.123140355,0.135516373,0.158565738,0.004998174,0.002686569,0.000957507
0.730934101,0.229545308,0.035286957,0.001059763,0.002116147,0.000926739,7.41734E-05,5.68115E-05
0.934347848,0.01913172,0.034171795,0.002980983,0.000320479,0.007716299,0.000529667,0.000801209
0.702933555,0.245187571,0.027563773,0.024223164,4.87503E-05,3.60784E-05,1.99477E-06,5.11345E-06
0.946639644,0.04577396,0.006824079,0.000739804,2.18934E-05,4.33314E-09,3.99294E-07,2.15594E-07
0.981372842,0.016679486,0.000918304,0.000683151,0.000321136,1.62513E-06,7.33577E-06,1.61203E-05
0.491417741,0.309971563,0.082009629,0.036696645,0.018071225,0.060071208,0.00031455,0.001447439
0.898918119,0.055089806,0.008545277,0.008048131,0.029206457,0.000165296,1.27648E-05,1.41486E-05
0.395884705,0.458718034,0.123274159,0.011370093,0.007680398,0.001357146,0.001712201,3.26372E-06
0.694335349,0.271851669,0.021571596,0.000554258,0.007046698,0.002294119,0.000688137,0.001658174
0.814933414,0.025858161,0.142383613,0.004965135,0.005045022,0.00130062,0.004253869,0.001260166
0.27171453,0.162029616,0.364647132,0.000565711,0.076202622,0.120352235,0.000744466,0.003743687
0.259232374,0.287665105,0.249560668,0.074501174,0.050506311,0.067894427,0.00467511,0.005964833
0.125604341,0.610136997,0.037442149,0.121055371,0.071907326,0.018966159,0.004762499,0.010125157
0.55094529,0.031901457,0.259739351,0.088777662,0.003384323,0.020242571,0.003964732,0.041044614
0.795275205,0.143876475,0.057878042,0.002579512,0.000292165,9.3012E-05,5.33496E-06,2.53956E-07
0.006406988,0.279673237,0.359674394,0.234691435,0.10817952,0.009784424,0.001542213,4.77894E-05
0.605808785,0.321470136,0.071875434,0.00017748,0.000418099,8.44272E-05,0.000116363,4.92767E-05
0.924396306,0.047792626,0.020225366,0.000856464,0.006626528,1.55505E-05,8.36448E-05,3.51506E-06
0.574497393,0.141149053,0.242331074,0.003738196,0.008684302,0.000867815,0.005926639,0.022805528
0.983374232,0.012400697,0.001223746,0.000226925,0.000590548,0.001868828,0.00018593,0.000129093
0.186757318,0.647965699,0.045984187,0.034412546,0.063495939,0.014476253,0.00016103,0.006747029
0.475789927,0.511659167,0.004470203,0.005347437,0.002570402,0.000100709,1.50592E-05,4.70964E-05
0.977455685,0.007647759,0.001020634,0.007985945,0.001179938,0.004248665,0.000175274,0.0002861
0.831776194,0.109262635,0.001677865,0.049136607,0.002726466,0.004242811,0.001085124,9.22964E-05
0.577509139,0.187066381,0.162576908,0.068763646,0.003670987,0.000173713,0.000181184,5.80418E-05
0.731667428,0.125498606,0.07232479,0.040028455,0.002977972,0.022227335,0.004263041,0.001012375
0.58154853,0.397936839,0.005485432,0.0132167,3.44473E-05,0.000456268,0.000994418,0.000327366
0.819879302,0.11577094,0.010372426,0.05308479,0.000413267,0.000383391,7.46347E-05,2.12488E-05
0.451142121,0.057846532,0.334451051,0.05419858,0.010044679,0.091610163,0.000392979,0.000313896
0.968539011,0.021671845,0.006522754,0.002531544,0.000682854,3.71772E-05,1.18832E-05,2.93176E-06
0.790292964,0.028388194,0.133691521,0.040965223,0.006217829,4.75639E-05,0.000376677,2.00278E-05
0.211468555,0.610982085,0.000132124,0.026556091,0.018226672,0.130137472,0.000838696,0.001658305
0.435476236,0.28173856,0.27448335,0.001095563,0.005353402,0.000102727,0.001307107,0.000443057
0.600931199,0.173730295,0.008437123,0.116152828,0.036898891,0.023421231,0.013048309,0.027380124
0.439168441,0.542419334,0.01262354,0.002178054,0.000342633,0.001350268,0.001642918,0.000274812
