C1,C2,C3,C4,C5,C6,C7,C8,C9,C10,C11,C12
0.242950624,0.318710886,0.126380958,0.158325662,0.04458129,0.009879614,0.016116907,0.055420594,0.007842988,0.004951958,0.001116634,0.013721885
0.464175391,0.007974996,0.211723733,0.21239281,0.062888291,0.017876235,0.01013985,0.001135743,0.006189994,0.00520723,0.000141338,0.00015439
0.504248403,0.147185221,0.28165229,0.06052363,0.001370593,0.003778271,0.000443259,0.000630111,1.47888E-05,0.000152903,1.9787E-07,3.32176E-07
0.626104704,0.116010993,0.235225025,0.019709592,0.002763457,0.000162739,1.97297E-05,2.81513E-06,1.12444E-07,3.17916E-07,4.33089E-07,8.30872E-08
0.878725744,0.033368309,0.009653135,0.061303698,0.004044472,0.0028423,0.005604265,0.003884275,0.00019154,0.000218126,9.46672E-05,6.94696E-05
0.422757342,0.255223978,0.294756722,0.000936798,0.024904461,0.001389337,7.22387E-06,2.33376E-05,6.58515E-07,9.68333E-08,2.55176E-08,1.84003E-08
0.994750156,0.003537851,0.001336942,0.000199842,5.55864E-05,8.42271E-05,2.53514E-05,1.10271E-06,5.18537E-06,3.19829E-07,1.75425E-06,1.68241E-06
0.830715418,0.058954239,0.021068823,0.021082,0.027807654,0.020288589,0.012789548,0.000578623,0.002098552,0.0016787,0.001768192,0.001169662
0.485007383,0.113046145,0.349051044,0.015683003,0.0331717,0.002507866,0.001271804,0.000175686,3.70479E-05,6.7494E-07,8.78091E-06,3.88664E-05
0.540901521,0.399216825,0.02323829,0.004973111,0.029278563,0.000898931,1.75301E-05,0.001339475,0.00013389,1.54801E-06,5.08473E-08,2.63257E-07
0.654126725,0.089118826,0.245051226,0.000920289,0.007249901,0.001835642,0.000526077,0.001152936,1.66264E-06,1.19535E-06,1.0392E-06,1.44813E-05
0.896808245,0.015114929,0.02362588,0.026599477,0.028397591,0.002588427,4.23378E-06,0.002679653,0.003700158,0.00013156,0.000208266,0.000141581
0.56291255,0.070178878,0.228885146,0.093052837,0.027540049,0.002441069,0.002541631,0.000753749,0.006437532,0.004786255,0.000327389,0.000142916
0.682077688,0.10354705,0.008727461,0.008370979,0.001337386,0.075626481,0.077195623,0.013109768,0.017081196,0.006866859,0.001828856,0.004230653
0.573183164,0.086642,0.139704296,0.159743205,0.023694708,0.00585135,0.002471746,0.00442145,0.000148814,0.001548129,0.001443343,0.001147796
0.22706124,0.33651938,0.0266014,0.008472402,0.2111333,0.18423623,0.001383012,0.001991703,0.00194411,0.000514278,7.54605E-05,6.74851E-05
0.9804208,0.015553123,0.000606728,0.003248245,0.00010934,1.8664E-05,2.16964E-05,1.96937E-05,1.51857E-06,7.9644E-08,6.77152E-08,4.46165E-08
0.369978856,0.333007205,0.017227916,0.164419405,0.048243755,0.033302078,0.015546901,0.006216979,0.000262317,0.006089698,0.001542162,0.00416273
0.617896436,0.261937335,0.074664028,0.010635823,0.034689917,6.52153E-05,4.01268E-05,1.51451E-05,3.4554E-05,2.05488E-05,5.83508E-08,8.12296E-07
0.205383349,0.515341611,0.150530581,0.090565828,0.023285835,0.008916173,0.005929163,8.66891E-06,1.82209E-05,1.99518E-05,5.03802E-07,1.14514E-07
0.477316075,0.118008837,0.206998175,0.136800481,0.033468873,0.003376671,0.020202495,0.003074234,0.000509847,0.000160019,3.98253E-05,4.44684E-05
0.215712408,0.654737919,0.040181542,0.042032291,0.041607986,0.001914108,0.003499462,0.000159926,0.000105754,3.25682E-05,1.21421E-06,1.48223E-05
0.800815686,0.074376762,0.00223498,0.034157713,0.076255828,0.011636158,0.000504351,1.29577E-05,2.48079E-06,6.31215E-07,1.72059E-06,7.31243E-07
0.103033284,0.212865239,0.168689035,0.383961412,0.009563839,0.107243098,0.001552635,0.01167765,0.000777708,0.000159031,0.000145819,0.00033125
0.934834916,0.014372292,0.001143863,0.001409491,0.046358366,0.000204684,0.000505694,0.000462889,0.000178869,0.000444891,5.22902E-05,3.17535E-05
0.109942691,0.803136512,0.073901221,0.012842328,0.000127712,3.32526E-05,1.54582E-05,3.63729E-07,3.20128E-07,7.7401E-08,1.82512E-08,4.58794E-08
0.984280549,0.00506582,0.001008561,0.007721317,0.001574869,8.40215E-05,0.000175583,2.87579E-05,2.78482E-05,3.12835E-05,1.17734E-06,2.12048E-07
0.414800222,0.131906902,0.289650588,0.102527151,0.047568127,0.009994717,0.001753171,0.001701152,3.27203E-05,5.53592E-05,2.08905E-06,7.80242E-06
0.540224373,0.005597307,0.383553833,0.052162458,0.003187999,0.001666517,0.001371171,0.007297904,0.000502521,0.00345512,0.000972643,8.15271E-06
0.242229244,0.638568053,0.061754905,0.025148425,0.027515754,0.001809413,0.000291583,0.000659084,0.001332853,0.000184288,0.000195295,0.000311103
0.681199247,0.312359749,0.001935983,0.001408086,0.000644299,0.001901071,0.000369551,3.32404E-05,4.30659E-05,7.35024E-05,2.48676E-05,7.33749E-06
0.529350857,0.114752706,0.064912961,0.155611283,0.020330878,0.068598365,0.023726737,0.01168584,0.00984851,0.000415997,1.06582E-05,0.000755206
0.109541307,0.774575898,0.013451853,0.035717289,0.00843416,0.046859137,0.006533041,0.002735618,0.000823426,0.000183188,0.000356544,0.000788538
0.37627103,0.361004725,0.067244053,0.0745018,0.104751384,0.013421679,0.001013979,2.89922E-05,0.001336223,9.9485E-05,6.82802E-05,0.000258371
0.130523483,0.70163972,0.074773498,0.091651246,0.001144594,3.61999E-05,0.00014871,7.11974E-05,6.694E-06,1.02738E-06,1.27132E-06,2.35789E-06
0.036975543,0.464302161,0.334617717,0.132606266,0.007772969,0.001476944,0.003005006,0.004339799,0.006890308,0.003900644,0.003116515,0.000996127
0.053218213,0.428429231,0.444996844,0.054206847,0.001725222,0.013250165,0.001043721,0.002866222,0.000192969,3.3484E-05,7.61113E-06,2.94697E-05
0.176474485,0.529683671,0.000295054,0.051094151,0.205512062,0.019778643,0.002598097,0.007141062,0.002891276,0.000213731,0.00316959,0.001148179
0.918678964,0.034672199,0.035329757,0.00455752,0.000552094,0.00463749,0.000968514,0.000550787,4.6675E-05,3.89763E-07,4.59507E-06,1.01462E-06
0.980829197,0.015018982,0.000653691,0.003477297,1.94382E-05,9.10484E-07,2.56307E-07,4.59325E-08,1.19235E-07,6.01837E-08,4.9635E-11,3.17021E-09
0.673397358,0.07974422,0.112557602,0.075326276,0.026227148,0.017353159,0.009547836,0.004555082,3.78624E-05,0.001011185,0.000195398,4.68755E-05
0.802210983,0.01503421,0.153230277,0.027922464,9.28456E-05,0.000197388,0.001152359,0.00015042,1.28174E-06,3.40465E-06,1.74605E-06,2.62041E-06
0.166396773,0.412369449,0.075807982,0.11080887,0.172993822,0.016113931,0.026345818,0.008177446,0.004443492,0.004560415,0.001801055,0.000180948
0.663154837,0.212178886,0.035940996,0.019870484,0.038732403,0.022324814,0.003797321,0.003454178,0.000117449,0.00013189,0.000256634,4.01071E-05
0.473319518,0.065065231,0.190977546,0.16700811,0.071976062,0.018706262,0.011935417,0.001009232,8.81532E-07,1.59407E-06,1.11385E-07,3.56278E-08
0.263412936,0.554661503,0.179185845,0.00108728,0.000631495,0.000523501,0.000327397,0.000166206,7.64688E-07,2.05261E-06,2.75386E-07,7.44055E-07
0.981080528,0.016269076,0.001723565,0.000110361,0.00070801,6.46244E-05,4.12886E-06,3.92641E-05,2.81232E-07,1.1158E-07,3.65436E-08,1.45605E-08
0.234259597,0.287344064,0.257826274,0.183290676,0.037139241,1.02035E-05,6.157E-05,1.08497E-05,2.12782E-05,4.82411E-07,1.22626E-05,2.35011E-05
0.965968635,0.006619002,0.026550121,0.000569478,3.81349E-05,0.00023286,8.45722E-06,1.17602E-07,1.06099E-05,2.14149E-06,1.57518E-08,4.26979E-07
0.138079856,0.030900928,0.026505508,0.156996285,0.602969141,0.012309174,0.019925005,0.007826758,0.002760552,0.000267296,0.001111289,0.000348207
0.768571601,0.158435229,0.043602704,0.023509743,0.00421759,0.000769986,0.000134905,1.78644E-05,0.000569767,2.44916E-05,8.52402E-05,6.08795E-05
0.670825861,0.077675649,0.106802431,0.040667932,0.00075731,0.000556194,0.051299726,0.002703656,0.043815627,0.003292903,0.00117516,0.000427551
0.708344558,0.064754047,0.079718038,0.098334616,0.007157505,0.0049796,0.017469843,0.007372294,0.002968288,0.007695533,0.000691357,0.000514319
0.332070995,0.022340682,0.596762843,0.004191052,0.030465765,0.008100917,0.004633917,0.000893085,0.000156088,0.000358852,1.12271E-05,1.45779E-05
0.684813151,0.183302381,0.032545376,0.019493447,0.054222861,0.006462299,0.018646243,0.000240828,0.000232297,4.66403E-06,1.69186E-05,1.9534E-05
0.499816217,0.457547062,0.031990589,0.004925958,0.000165,0.003374964,3.99638E-05,0.001006519,0.000493667,0.000618524,1.34368E-05,8.10037E-06
0.102953601,0.490697654,0.366870913,0.0381167,0.00097364,0.000200577,2.70831E-05,0.000147372,1.10259E-06,7.64408E-07,7.20587E-06,3.38769E-06
0.405070734,0.278399831,0.090937573,0.163256847,0.023126537,0.022710273,0.014896259,0.000975148,0.000390802,0.000189124,3.0999E-05,1.58711E-05
0.04051147,0.517367393,0.096217573,0.332045628,0.005620361,0.005101996,0.001152565,0.001173483,0.000589458,0.000213127,4.01631E-06,2.92856E-06
0.480485605,0.32333059,0.078185045,0.014008528,0.065887474,0.028157438,0.000654473,0.000125385,0.004440208,0.000234457,0.003432207,0.001058589
0.034709081,0.287823121,0.655828854,0.004717123,0.005809946,0.003145286,0.00132448,0.003683015,0.000594981,0.000369068,0.000250524,0.001744522
0.02365089,0.407296922,0.529984967,0.001045351,0.026462425,0.009370959,0.001777859,0.000250057,0.000150107,1.49556E-06,8.93063E-06,3.75585E-08
0.839189569,0.074052405,0.077728524,0.002649658,0.004621062,0.000242971,0.001452535,2.95009E-05,3.25446E-05,1.05778E-07,5.39508E-08,1.07073E-06
0.820676548,0.098585042,0.06459512,0.008613545,0.003060853,0.001165181,0.000506188,0.002587277,7.39722E-05,8.78349E-05,3.56933E-05,1.27443E-05
0.989346298,0.005446499,0.000943275,0.001939524,0.001518756,0.000699962,1.24548E-05,7.5377E-05,1.15963E-05,4.22365E-06,1.21024E-06,8.23537E-07
0.948069254,0.014276894,0.035726871,0.001862907,3.85285E-05,1.21772E-05,6.95311E-06,4.41653E-06,1.23076E-06,7.67123E-07,1.04361E-10,5.44863E-11
0.099022711,0.36241398,0.152473265,0.116197668,0.10209074,0.159905437,0.005837947,0.001578063,9.01844E-05,0.000195786,0.00016924,2.4979E-05
0.919014867,0.005953311,0.046123165,0.019991993,0.002405349,0.0019451,0.001107863,0.000967265,0.00162878,0.000188287,7.83147E-05,0.000595704
0.272856367,0.089778824,0.337920004,0.002608949,0.209945999,0.079754422,0.004907183,0.001376912,0.000733042,7.85137E-05,1.02512E-05,2.9533E-05
0.462670424,0.168647878,0.039523939,0.23667557,0.036282331,0.010245445,0.034771639,0.001363169,0.003553947,0.003354037,0.001821173,0.001090448
0.942686124,0.055629755,0.000236765,0.001157238,0.000203339,4.26505E-05,4.09324E-05,1.28188E-06,1.19551E-07,1.15547E-06,5.51817E-07,8.80328E-08
0.609953772,0.349709037,0.039071867,0.000297714,0.000544455,0.000300784,6.76595E-05,1.18238E-05,4.22926E-05,5.69325E-07,6.74894E-09,1.87074E-08
0.251423427,0.698910319,0.025462168,0.00549825,0.000520363,0.015651642,0.001417546,0.000212124,0.000182835,0.000331003,0.000317149,7.31748E-05
0.474815644,0.061530558,0.171575945,0.147214052,0.117091267,0.027652888,7.53688E-05,3.5389E-05,7.2594E-07,8.03893E-06,5.59382E-08,6.71569E-08
0.619862114,0.022405073,0.320149143,0.009167284,0.004598032,0.000640483,0.005915054,0.013853174,0.000396296,1.89093E-05,0.000888426,0.002106013
0.125425216,0.017422813,0.186467614,0.584343608,0.02522422,0.006198346,0.053927916,0.00025721,0.000729063,1.58448E-06,1.65373E-06,7.55521E-07
0.102020285,0.868038714,0.008756123,0.003522369,0.005680416,0.005247538,0.003101628,0.001316499,0.000934334,0.0004659,0.000250508,0.000665687
0.060562031,0.119281418,0.022424575,0.117151567,0.329417445,0.23369447,0.007631432,0.070059664,0.005112643,0.023931047,0.00446974,0.006263969
0.046553681,0.746047543,0.023518763,0.022068184,0.082544068,0.000509702,0.076066422,0.001194992,0.000258728,0.000988328,0.00022081,2.87783E-05
0.993879249,0.004261931,0.001678698,0.000143797,3.54534E-05,6.7487E-07,1.77516E-07,2.27518E-09,1.22423E-08,1.60435E-09,2.4819E-09,7.94145E-11
0.653605934,0.333717754,0.00673629,0.001318275,0.004268522,0.000282799,2.97365E-05,1.29806E-05,6.64334E-06,1.40939E-05,4.16328E-06,2.80913E-06
0.116312455,0.035806166,0.510199808,0.230225021,0.047051246,0.041064289,0.004052243,0.010528789,0.001427032,0.000561723,0.002120837,0.00065039
0.676459195,0.049990393,0.056075568,0.13077523,0.070316633,0.001351016,0.007952817,0.000724532,0.004182582,0.000824052,0.000251792,0.00109619
0.630773101,0.237988914,0.068002737,0.030543602,0.006936526,0.013354758,0.005886627,0.000399943,0.000675231,0.000642776,0.00288505,0.001910736
0.15499052,0.277289557,0.007054657,0.09849132,0.393332174,0.041335584,0.018426263,0.005002648,0.003132142,0.000383268,0.00047979,8.20774E-05
0.128267899,0.418424879,0.287680079,0.080138264,0.0005918,0.07646825,0.006623557,0.00168772,0.000103847,8.87544E-06,2.32485E-06,2.50439E-06
0.577111348,0.014611786,0.364505878,0.027170264,5.34419E-06,0.013393586,0.001478385,6.75646E-05,0.000460227,0.001167421,2.23908E-05,5.80465E-06
0.018573572,0.926304081,0.014354272,0.015721589,0.003944064,0.007963207,0.003718454,0.007448548,0.000692051,0.000516213,0.000319182,0.000444767
0.613005344,0.325846477,0.009759005,0.019434522,0.003518268,0.015037406,0.011282084,0.001558855,0.000241688,0.000162436,2.80553E-05,0.000125861
0.375013407,0.548413765,0.010475192,0.027432963,0.022942137,0.009495322,0.002640079,0.001850025,0.00131112,0.000270264,8.66166E-05,6.91094E-05
0.695463315,0.029363288,0.101063004,0.092334293,0.075007668,0.000223514,0.005005904,0.001422507,1.45561E-05,1.80164E-05,7.24919E-05,1.14431E-05
0.395702616,0.401591913,0.051462832,0.001493842,0.099211963,0.046349245,0.003129243,0.000779357,0.000170333,3.84103E-05,5.60711E-05,1.4174E-05
0.152214068,0.389459011,0.063888047,0.084595598,0.258243577,0.011647968,0.005943782,0.021463115,0.007363935,0.001654334,0.00160566,0.001920905
0.728645131,0.16768665,0.094851893,0.00046092,0.006145951,0.000769886,0.001072954,0.000253146,7.95579E-05,8.79515E-06,1.25307E-06,2.38634E-05
0.52965455,0.059152476,0.297753787,0.062536937,0.020936027,0.007351587,0.007719429,0.010656015,0.001760283,0.000435009,0.000642456,0.001401445
0.183675083,0.776681934,0.018561339,0.012709711,0.004075269,0.002412889,0.001070015,0.000370023,2.23777E-05,0.000375536,2.63838E-05,1.94396E-05
0.454171804,0.029653685,0.420138373,0.0914487,0.000144166,0.001957818,0.000371764,0.001145741,3.90834E-05,0.000704231,2.35435E-05,0.00020109
0.41888794,0.554409727,0.026099783,0.000517014,6.71401E-05,1.37308E-05,4.18173E-06,4.19879E-07,3.49785E-08,6.40461E-09,1.99667E-08,2.68193E-09
0.275677576,0.028390035,0.406280746,0.249770344,0.009607826,0.000534609,0.02332124,0.005700094,0.000386233,0.000127509,5.64264E-05,0.000147361
0.530007485,0.266241152,0.108610728,0.08145332,0.01253746,0.000175895,0.000968162,2.7876E-06,9.68222E-07,4.93178E-07,1.25235E-06,2.97104E-07
0.606278077,0.280708565,0.040873621,0.036981093,0.003963734,0.0237428,0.006277555,0.000153219,0.000948978,3.30011E-05,2.53159E-05,1.40411E-05
0.881924851,0.104584522,0.001411904,0.007127622,0.001828791,0.002389556,0.000404543,1.44832E-05,0.000141593,4.46533E-05,1.67483E-05,0.000110735
0.159932791,0.45498567,0.149276797,0.216515398,0.014037311,0.003577322,0.000677264,0.000970021,1.76538E-05,7.51646E-06,9.89081E-08,2.15708E-06
0.368790204,0.288352067,0.135579489,0.184262528,0.02299469,1.59623E-05,1.55888E-06,1.4056E-08,1.83649E-06,2.8583E-07,6.06738E-08,1.30302E-06
0.390796876,0.470533109,0.118012512,0.010346494,0.006269633,0.000791033,7.24225E-05,0.000775886,0.001082315,0.000478385,0.000793237,4.80982E-05
0.764621603,0.058756689,0.005338322,0.158669969,0.010024562,0.001792758,0.000369841,0.000246303,0.000140975,3.39431E-05,3.23596E-07,4.71162E-06
0.393970144,0.421915968,0.075531859,0.046573407,0.020602547,0.021179011,0.009608629,0.00853976,0.0011772,0.000799901,5.12139E-05,5.03609E-05
0.83651402,0.109524607,0.021994456,0.028072725,0.000153407,0.00089012,0.001502697,0.000250171,0.000289172,0.00058525,0.000109852,0.000113522
0.915741275,0.030701992,0.031162919,0.002198378,0.009989731,0.001732155,0.002745801,0.00483117,0.000568073,0.000107859,0.000149185,7.14637E-05
0.470014515,0.388063383,0.043690644,0.085223521,0.005613687,0.006845989,0.000480207,5.86082E-05,7.05435E-06,2.09761E-06,1.61102E-07,1.32453E-07
0.075050166,0.571638853,0.044493748,0.097912228,0.122849762,0.023558428,0.050917973,0.001486684,0.008261631,0.003425422,0.000159208,0.000245897
0.222467358,0.293628071,0.409499786,0.058640715,0.00017959,0.000630448,0.004527218,0.005414713,0.001878353,0.000538678,0.00074933,0.001845739
0.955671042,0.01761429,0.014861142,0.00443835,0.001305991,0.000896738,0.004007296,0.000975178,0.000190296,3.85731E-05,3.73289E-07,7.28694E-07
0.420377918,0.350196471,0.127102252,0.075084372,0.005076368,0.001437885,0.002411233,0.001289121,0.016322303,0.000342733,0.000271515,8.78285E-05
0.31527628,0.418452541,0.090537885,0.152441319,0.005812132,0.01683329,9.13019E-05,0.00044088,8.80093E-05,9.36936E-06,1.55127E-05,1.48035E-06
0.862066481,0.021776565,0.036588696,0.014436587,0.037123921,0.02138918,0.00378048,0.000885149,5.78304E-05,0.000206027,0.001662524,2.65591E-05
0.57995606,0.237986832,0.034319194,0.085012602,0.023180389,0.000679486,0.036460739,0.000276962,0.000964062,0.000999188,0.000106648,5.78388E-05
0.824659398,0.00834827,0.133907278,0.005689856,0.021899135,0.003302501,0.000647233,0.001011279,0.000109835,0.000295349,4.64849E-05,8.33806E-05
0.918598079,0.040870935,0.033163491,0.003040214,0.001650127,0.002171259,6.49488E-05,0.000319119,1.95524E-05,3.57427E-06,5.33704E-05,4.53314E-05
0.951690333,0.04005219,0.004750407,0.003255639,0.000240288,1.91299E-06,8.24545E-06,4.32946E-07,5.62422E-08,3.73322E-07,1.86873E-08,1.03736E-07
0.841677807,0.078760231,0.016258704,0.00491314,0.056710434,0.000114148,0.001178809,6.73091E-07,0.000225919,6.43944E-06,3.04272E-05,0.000123269
0.634676024,0.127078233,0.089202702,0.049586882,0.056459708,0.040719049,0.001940352,9.06146E-05,2.41338E-05,4.13302E-05,0.000126112,5.48604E-05
0.604126067,0.051962996,0.24065738,0.03953951,0.029246508,0.011154352,0.00736343,0.005712644,0.007749575,0.001305137,0.000401084,0.000781318
0.612693551,0.076330611,0.008284947,0.079563224,0.141166833,0.079171043,0.00198084,0.000716212,9.25216E-05,4.89114E-08,6.01153E-08,1.08567E-07
0.22580554,0.24462433,0.333587466,0.02322723,0.075053532,0.015844903,0.021374024,0.0478359,0.001592225,0.002612413,0.002902968,0.005539468
0.654957754,0.058906705,0.191965908,0.072138926,0.019085629,0.002475076,0.000345927,6.00086E-05,2.69163E-05,2.80739E-05,4.03838E-06,5.0376E-06
0.478533667,0.450450752,0.010197143,0.006914929,0.019328381,0.025632583,0.002209219,0.004582234,7.34926E-05,0.000245476,0.000523413,0.001308712
0.468735394,0.333174805,0.153595728,0.022279276,0.005964004,0.001480927,0.009487285,0.00242231,0.000742028,0.001802976,0.000148851,0.000166416
0.255032938,0.152107778,0.362250953,0.003947722,0.137799933,0.022497158,0.050672305,0.01202522,0.00352121,5.96083E-06,4.14621E-05,9.73591E-05
0.007790165,0.566488335,0.252048513,0.088016597,0.070368944,0.014869979,0.0002094,0.000191645,1.62781E-05,1.08286E-07,3.37548E-08,3.08492E-09
0.942894251,0.045336103,0.004442686,0.005248512,0.00149867,0.000544962,3.37962E-05,6.61217E-08,8.74652E-07,2.45211E-08,4.77132E-08,5.60859E-09
0.735769909,0.023346598,0.234012601,0.00129449,0.002471082,0.000898839,0.001482692,0.000635081,8.30204E-05,1.01047E-06,3.62861E-06,1.04929E-06
0.411465327,0.44485554,0.017533119,0.038870878,0.006328604,0.063784559,9.30565E-05,0.004792528,0.004702061,0.001882933,0.000964548,0.004726849
0.717398151,0.27611114,0.005418681,0.000510001,0.000474451,8.26554E-05,4.22468E-06,4.66033E-07,2.19705E-07,1.05974E-09,1.36867E-09,8.11674E-09
0.597408173,0.130018903,0.14845651,0.078703398,0.039899265,0.00205783,0.001967526,0.000227458,0.001139763,4.59809E-05,5.03956E-05,2.47983E-05
0.970383864,0.003818399,0.007886661,0.006937892,0.001729586,0.00652771,0.001758396,0.000415798,0.000325829,8.96431E-05,7.05641E-05,5.56592E-05
0.101193327,0.437108177,0.352425363,0.092517356,0.010750759,0.005202527,0.000331956,0.00045786,9.65907E-06,7.2437E-07,7.36078E-07,1.55505E-06
0.493714775,0.434225321,0.054009901,0.00844586,0.00180014,0.003876737,0.001074901,0.00246393,0.000201696,0.000112165,7.13465E-05,3.22852E-06
0.727853976,0.251818973,0.017285274,0.002517111,0.000260989,0.000203824,1.07933E-05,2.73735E-05,1.37444E-05,5.19819E-06,9.62724E-07,1.78194E-06
0.107501046,0.773485152,0.056255233,0.004888231,0.019894345,0.011424575,0.023378312,0.00074594,0.000697486,0.001528723,0.000146259,5.46979E-05
0.662627258,0.00779284,0.133354896,0.012048164,0.176452714,0.000474571,0.004800061,0.00238957,5.20993E-05,1.49311E-06,4.29764E-06,2.03579E-06
0.100116698,0.870960663,0.008163653,0.013174739,0.003330234,0.003350095,0.000629059,8.61746E-05,2.86709E-05,9.6987E-05,5.43907E-05,8.63529E-06
0.705392964,0.200615869,0.01241225,0.045163752,0.012090258,0.000824154,0.022521119,0.000890258,4.48418E-05,1.14804E-05,3.0173E-05,2.88032E-06
0.650012849,0.00373319,0.19285284,0.100376986,0.013020109,0.026872504,0.01144702,0.000864558,6.73105E-05,0.000293821,6.91934E-05,0.000389619
0.197452691,0.458304556,0.088774772,0.075048348,0.086791221,0.070076942,0.00621724,0.012128345,0.000316646,0.003808995,0.000820594,0.000259652
0.737622018,0.142640879,0.00139723,0.048147449,0.024399014,0.045256176,0.000380692,7.3539E-05,1.41869E-05,4.06452E-05,4.58008E-06,2.35905E-05
0.188313168,0.684584777,0.083467701,0.024830634,0.012299499,0.002227216,0.002651391,0.001559179,2.43045E-05,2.29991E-05,1.42822E-05,4.8494E-06
0.632849543,0.238195487,0.066052646,0.008744363,0.051091078,0.002252261,0.0003659,0.000155984,0.000166759,0.000110348,6.72301E-06,8.90851E-06
0.816056947,0.06207395,0.105380445,0.013035842,0.00087166,0.001240685,0.001293655,2.90434E-05,2.51572E-06,6.55322E-06,2.03204E-06,6.67298E-06
0.083742051,0.864601429,0.033247895,0.011649222,0.003663419,0.000979452,0.001388526,0.000442421,3.05131E-05,1.47834E-05,0.000104326,0.000135964
0.359896925,0.244303497,0.16526734,0.112518647,0.102465624,0.003286958,0.010734588,0.001477562,3.5673E-05,4.49122E-06,8.32411E-06,3.69282E-07
0.495802893,0.253787735,0.17848889,0.066929713,0.004558202,0.000118032,8.07738E-06,7.36568E-05,0.000135064,5.29894E-05,2.32171E-05,2.15297E-05
0.266259775,0.050680903,0.258388795,0.241193705,0.117380146,0.018285122,0.014126344,0.028429154,0.000949427,0.003965739,0.000149201,0.00019169
0.14249548,0.77798603,0.016793335,0.062017213,0.000379497,7.97517E-05,0.00013138,3.29981E-05,2.09606E-05,1.3998E-06,2.93352E-07,6.16618E-05
0.465021424,0.019318591,0.328851635,0.053982206,0.124854456,0.003156304,0.000146835,0.001340951,0.001845511,0.000995192,8.96463E-05,0.00039725
0.720821528,0.033030103,0.001631289,0.237792199,0.001035305,0.005657104,2.6721E-05,4.90652E-06,2.85287E-07,3.44539E-08,3.10096E-07,2.15418E-07
0.486032852,0.50102412,0.002757787,0.001333671,0.001969546,0.000695373,0.003610988,0.001815463,0.000284121,0.000185586,1.00178E-05,0.000280475
0.120498727,0.804394437,0.050503074,0.018954531,0.002079159,0.003504612,2.46856E-05,1.82579E-05,6.71877E-06,1.80654E-06,7.02324E-07,1.32891E-05
0.487639618,0.408048865,0.024156887,0.040461927,0.036267293,0.002771808,0.000120018,6.05655E-05,0.000388187,2.1689E-05,3.55146E-05,2.76281E-05
0.910272898,0.041563439,0.036312946,0.008452309,0.002741151,0.000589991,3.70586E-05,1.92618E-06,2.2799E-05,4.01727E-06,7.39829E-07,7.24845E-07
0.040902264,0.770581361,0.177513349,0.002446872,0.001056185,0.000639392,0.000663162,0.003175223,0.000208721,0.00026975,0.000202586,0.002341135
0.922684269,0.067510968,0.001058099,0.005575641,0.002753709,2.39265E-05,7.45155E-05,0.000216752,9.75162E-05,4.49673E-06,5.00846E-08,5.7185E-08
0.144769798,0.767340298,0.067757843,0.000565149,0.000394372,0.016673411,0.001807791,0.000412154,6.94403E-05,6.12773E-05,8.71058E-05,6.13617E-05
0.794971005,0.024144023,0.016273325,0.157835674,0.006314235,0.000115459,2.09514E-05,0.000201886,3.21327E-05,8.54904E-05,5.35577E-06,4.63075E-07
0.707174769,0.158634954,0.093822643,0.03781297,0.001074742,0.001232974,0.000207443,1.42563E-05,1.70126E-06,2.2138E-05,8.58488E-07,5.50361E-07
0.106366397,0.129144525,0.214151897,0.032847389,0.483209596,0.021174879,0.001624552,0.00037587,0.004733351,0.003072046,0.000476232,0.002823266
0.930239939,0.045636119,0.009582784,0.001921521,0.001627276,0.003071417,0.00705221,0.00078777,2.94357E-05,3.27811E-05,1.76419E-05,1.10497E-06
0.945113468,0.040945012,0.003243848,0.004873675,0.004150214,0.000562205,0.000950485,0.000150262,2.32895E-06,5.15977E-06,6.6562E-07,2.67694E-06
0.709514424,0.008458608,0.177764033,0.078453412,0.012743524,0.010771251,0.001541435,0.000339459,9.8826E-05,0.000300278,6.61812E-06,8.13306E-06
0.899789788,0.066090836,0.029734387,0.00050791,0.000307866,0.002029612,0.000930237,0.000567861,2.02522E-05,1.4704E-05,2.23937E-06,4.30636E-06
0.634550181,0.230102993,0.030475088,0.0238434,0.03918667,0.017389649,0.007915481,0.01171392,0.002418311,0.000758287,0.000950086,0.000695935
0.089445735,0.85683705,0.012616611,0.038874065,0.000529546,0.000828636,0.000218752,0.000140456,0.000448035,3.9057E-05,1.05493E-05,1.15094E-05
0.82553938,0.170460945,0.001521133,0.001310535,0.001119059,4.08144E-05,5.38053E-06,7.32175E-07,2.68946E-07,9.70269E-07,4.4804E-07,3.34577E-07
0.921779469,0.032250934,0.004327835,0.007004203,0.02682118,0.006462216,0.000869212,0.00042977,2.67321E-05,1.57421E-05,1.09827E-05,1.72286E-06
0.314945923,0.339002803,0.316897159,0.010415386,0.013225134,0.005461097,2.60991E-05,9.33376E-06,3.38627E-06,5.10023E-06,3.52403E-06,5.05425E-06
0.889151665,0.086614309,0.019864034,0.003723127,0.000459407,0.000181574,3.34671E-06,1.36346E-06,2.56552E-07,6.09411E-07,1.51983E-07,1.55506E-07
0.912722882,0.067265098,0.00914422,0.007530404,0.000183464,0.001551102,0.000427843,0.001001247,4.14782E-05,0.000128711,1.55334E-06,1.99527E-06
0.9142838,0.074520606,0.006230268,0.00444569,0.000114716,0.00033418,5.71464E-05,1.0606E-05,1.73197E-06,1.15286E-06,1.01681E-07,1.97051E-09
0.416953034,0.068566029,0.006793287,0.275638141,0.005511288,0.062852931,0.07661797,0.000147677,0.038204715,0.023333505,0.013039651,0.012341772
0.117180778,0.420419239,0.281326311,0.054823917,0.024388463,0.018306743,0.067846116,0.007868757,0.007686029,0.000131351,1.64871E-05,5.81027E-06
0.571655389,0.208622433,0.065523832,0.005468833,0.144219863,0.000581105,0.002393244,0.00138678,3.29291E-05,1.86158E-06,0.000102215,1.15153E-05
0.834894291,0.150321462,0.000850468,4.91776E-05,0.00615468,0.003103733,0.003155497,9.24782E-05,0.000594709,0.000120262,0.000265484,0.000397758
0.90119718,0.03663526,0.025883792,0.017342351,0.013386519,0.000214973,0.004962173,0.000171818,6.44427E-05,7.00998E-05,5.1337E-06,6.62572E-05
0.617024052,0.369740122,0.011982479,5.83452E-06,0.000734435,0.000105451,0.000205377,0.000106773,1.02078E-05,3.05838E-05,1.50215E-05,3.96617E-05
0.408264434,0.317695472,0.035450783,0.170072899,0.065277436,0.001543866,0.001557448,7.97515E-05,3.26734E-06,4.64562E-05,4.62393E-06,3.56242E-06
0.204175939,0.77822468,0.01160825,0.002838271,0.0016185,0.000924314,0.000325263,7.30181E-05,9.73644E-05,5.22676E-05,3.52517E-05,2.68809E-05
0.587285884,0.378758667,0.007266133,0.010830838,0.008098937,0.000290121,7.02892E-05,9.45425E-05,0.002489506,0.000471675,0.001468303,0.002875105
0.134057793,0.318852719,0.173071887,0.057158105,0.060892674,0.1851243,0.001995983,0.048242933,0.008282717,0.00111221,0.001738187,0.009470493
0.616421218,0.204586855,0.098035069,0.047089648,0.029914442,0.002911084,0.000181668,0.000224493,0.000201276,0.000175323,0.000108051,0.000150872
0.605032915,0.189923939,0.159005094,0.028109641,0.005970583,0.010725013,9.72593E-06,0.000609109,0.000263316,0.000114405,0.000129535,0.000106726
0.770303784,0.073036124,0.105183116,0.000501865,0.034219316,0.002327209,0.006498717,0.000662072,0.00323621,0.002002681,0.001152959,0.000875947
0.497396313,0.028772395,0.00660353,0.262019939,0.079767209,0.097020546,0.024579766,0.0029865,0.000722553,2.7298E-05,1.15395E-05,9.24103E-05
0.351982506,0.321040458,0.295870523,0.004153351,0.020338779,0.003017372,0.001112572,0.002409471,5.76981E-05,2.06633E-06,1.1549E-05,3.65404E-06
0.220348505,0.654309657,0.058198651,0.045210209,0.005480319,0.002598519,0.007326579,0.002071071,0.002742669,0.00038869,0.00030127,0.001023861
0.079125653,0.624289927,0.005058014,0.274673076,0.016510807,0.000182032,5.14257E-05,9.85161E-05,7.81896E-06,9.27849E-07,4.0904E-07,1.39394E-06
0.774829373,0.077738166,0.037324878,0.080592179,0.022452211,0.003912397,0.000568146,0.00029659,0.00169003,0.000205163,0.000238476,0.000152391
0.646776506,0.06558134,0.039237719,0.185864543,0.054551315,0.004339801,0.001178268,0.000461841,0.001565767,0.000300595,5.30657E-05,8.9239E-05
0.982111099,0.017382374,0.000358403,6.72701E-05,1.57164E-05,6.13617E-05,3.03158E-06,5.58716E-08,5.81701E-07,6.60123E-08,1.70995E-09,3.86457E-08
0.995465936,0.002979221,0.000909575,0.000437438,8.56247E-05,7.62639E-05,3.77896E-05,1.50851E-06,5.10737E-06,9.08719E-07,6.10808E-08,5.65819E-07
0.254728437,0.151825847,0.057314889,0.3143905,0.024790926,0.054574131,0.052645609,0.077291449,0.003865565,0.004660798,0.00211018,0.001801671
0.019681263,0.959021531,0.014243274,0.002910477,0.003271255,0.000189016,0.000539357,6.76248E-05,5.12377E-05,1.40443E-05,4.05592E-06,6.86381E-06
0.218943271,0.495189196,0.009583763,0.268713701,0.004341957,0.003082336,7.8259E-05,4.42774E-05,5.06358E-06,1.24918E-05,2.55813E-06,3.12532E-06
0.041251366,0.857942325,0.042294891,0.056202263,0.001842917,0.000427217,3.27046E-05,7.67478E-07,1.12883E-06,3.49949E-06,4.74233E-07,4.47044E-07
0.596400886,0.357855952,0.040109381,0.001272623,0.002188477,0.002043582,7.4039E-05,2.93655E-05,1.79855E-05,2.64659E-06,4.66364E-06,3.9854E-07
0.591356494,0.266194799,0.045441112,0.064221344,0.006168808,0.014497579,0.006484258,0.002757656,0.002673532,0.000168255,3.41826E-05,1.97821E-06
0.042736783,0.242684781,0.398611484,0.295103734,0.011118842,0.008286695,0.001048417,6.96974E-05,9.0449E-05,8.67885E-05,0.000160944,1.38389E-06
0.777459206,0.209937829,0.012240967,3.44464E-05,0.000245369,1.51033E-05,7.00556E-06,4.74959E-05,6.78321E-06,3.58575E-06,2.68884E-07,1.93989E-06
0.089727178,0.556652923,0.180040924,0.00755508,0.094474167,0.056448966,0.011353238,0.0029531,0.000142544,0.000414168,0.000188922,4.87895E-05
0.440972574,0.468823265,0.022333951,0.049122279,0.011987041,0.003278376,0.000708629,0.000579087,0.000414354,0.000496082,0.000773572,0.000510789
0.782974024,0.145933434,0.025801524,0.016374374,0.028194686,0.000673586,2.50286E-05,1.10263E-06,1.99772E-05,1.65853E-06,4.41321E-07,1.62922E-07
0.8327342,0.144146429,0.020796969,0.000452549,0.000701193,0.0007051,0.000419655,3.89348E-05,4.1349E-06,5.66728E-07,2.26088E-07,4.42316E-08
0.386966279,0.50072427,0.032016879,0.074808328,0.002705282,0.002253199,9.62149E-05,0.000349215,5.32844E-05,3.08005E-06,1.63073E-05,7.66175E-06
0.384163516,0.357507455,0.248717911,0.002257686,0.003168636,0.000637063,0.002897593,0.000430199,0.000191806,1.87803E-05,9.2137E-06,1.40991E-07
0.365283039,0.055534071,0.566205746,0.006962943,0.002053449,0.000601859,0.001248438,7.94145E-05,0.001347662,0.000453738,0.000107071,0.000122568
0.394193551,0.191410369,0.274832871,0.006255154,0.040818901,0.048676251,0.040731393,2.79512E-06,0.001520222,0.00091279,1.72271E-05,0.000628476
0.873910062,0.04799575,0.001784439,0.002849281,0.027428463,0.031491496,0.007210624,0.007138811,6.65727E-05,2.27748E-05,9.39695E-05,7.75746E-06
0.109468088,0.425526369,0.189364255,0.25169073,0.016073149,0.003968099,0.003335726,0.000178686,0.000211775,0.000148723,1.68277E-05,1.75719E-05
0.568187965,0.1364968,0.149874507,0.074874919,0.063160698,0.001278915,0.00588142,0.000181302,4.56971E-05,1.65048E-05,2.00675E-07,1.07084E-06
0.413039575,0.166107064,0.211742801,0.169910992,0.001889803,0.006364193,0.013733779,0.011357987,0.001329258,0.004290635,0.000177942,5.59704E-05
0.633402374,0.034792482,0.322838837,0.002045113,0.00659052,0.000253761,5.11396E-05,1.12299E-06,8.77055E-06,7.60368E-06,3.21318E-06,5.06364E-06
0.100743571,0.555426484,0.296347111,0.01536513,0.015062453,0.008853439,0.006738677,0.000372042,0.000407962,0.000535091,0.000121223,2.68168E-05
0.56534645,0.000598113,0.240236954,0.098753856,0.044278405,0.031986326,0.001805289,0.006100185,0.006043933,0.003885472,0.000268637,0.00069638
0.314020299,0.57297778,0.059733536,0.019033815,0.013994051,0.000325459,0.016330912,0.001920981,0.000387261,0.000861347,9.59936E-05,0.000318565
0.573770081,0.028943317,0.105832063,0.221111404,0.044302599,0.015413737,0.006926047,0.001879913,0.00050681,0.000301406,0.000471515,0.000541108
0.033165549,0.130899088,0.285678112,0.165404518,0.131765563,0.124645709,0.061714815,0.000943046,0.006775469,0.020601231,0.016047511,0.022359388
0.489434924,0.21299391,0.067144272,0.073068154,0.074152346,0.070883104,0.008625409,0.002186253,0.00074131,0.000418816,0.000332995,1.85048E-05
0.921994139,0.023457723,0.021522031,0.025101962,0.001450634,0.000165825,0.001125767,0.004053683,0.000996387,0.000105552,6.71456E-06,1.95817E-05
0.953328223,0.031720011,0.00287192,0.007382046,0.003494597,0.000562126,0.000160816,5.33265E-05,1.0906E-05,0.000370973,4.04341E-05,4.61945E-06
0.771777786,0.148173503,0.0003001,0.007481315,0.020801734,0.048182856,0.000860443,0.002339812,7.7419E-05,3.2015E-06,1.199E-06,6.30822E-07
0.169148467,0.38169006,0.007084472,0.430696615,0.010613446,0.000151538,0.000337981,4.54515E-06,0.000120192,4.20106E-05,9.07447E-05,1.99288E-05
0.637449029,0.167121492,0.085113546,0.084223416,0.000978777,0.022131717,0.00096307,0.000658801,0.001331052,2.30761E-05,3.0483E-06,2.97601E-06
0.324016717,0.10941454,0.158947939,0.139961755,0.11097787,0.007540813,0.122799999,0.005873547,0.014804891,0.004011595,9.84903E-05,0.001551844
0.000241165,0.474587216,0.143189204,0.110315822,0.075386747,0.143947293,0.051860749,0.000226169,3.75234E-05,2.18072E-06,0.000124762,8.11683E-05
0.426417387,0.236020615,0.109703833,0.155011088,0.014446009,0.019061684,0.015177338,0.022410614,0.00117638,0.000481783,6.98808E-05,2.33882E-05
0.367814312,0.443613723,0.164399301,0.022240904,0.000917516,0.000501722,0.000217399,0.000246243,1.65756E-05,8.06158E-06,8.56971E-06,1.56738E-05
0.803716451,0.062270343,0.126419862,0.005449936,0.001368148,0.000117978,0.000613354,2.35515E-05,4.09981E-06,7.80738E-06,7.27553E-06,1.19469E-06
0.039133344,0.074656269,0.779528375,0.102933341,0.001607108,0.001532243,3.78772E-05,0.000445235,6.23875E-05,1.96426E-05,7.86052E-06,3.63167E-05
0.355828797,0.582273698,0.055048343,0.001355378,0.001400955,0.002438908,0.000583193,0.000341324,0.000137775,0.000586045,1.8738E-06,3.71108E-06
0.020321178,0.845927285,0.020494893,0.071141166,0.011859079,0.000900828,0.025907352,0.001455315,0.000720928,0.000501594,0.0005871,0.000183282
0.526353802,0.368394179,0.080794755,0.022720826,0.001424006,8.44521E-05,0.000146685,7.70226E-05,3.21147E-06,3.66091E-07,1.30241E-07,5.65338E-07
0.179497285,0.707866049,0.06153773,0.006455186,0.001562763,0.036057918,0.005285684,0.001512271,0.000108484,6.46777E-05,7.00384E-06,4.49477E-05
0.437659579,0.363210179,0.060062943,0.119308753,0.015112206,0.001992227,0.000858473,0.001635762,8.98306E-05,4.21133E-05,2.03644E-05,7.57002E-06
0.584380462,0.23985279,0.060342462,0.089598265,0.006915318,0.006697087,0.011594202,0.000445784,0.000123643,2.66261E-05,2.16512E-05,1.70825E-06
0.932285104,0.066370052,0.000197754,0.000827776,0.000156653,4.38378E-06,4.18682E-05,0.000104121,1.0666E-05,7.06002E-07,4.79112E-07,4.37635E-07
0.182505657,0.391679898,0.079672489,0.100645556,0.035933345,0.132025825,0.035257512,0.035040031,0.003260039,8.29118E-05,0.002124762,0.001771976
0.54463239,0.234991373,0.079390903,0.117785765,0.020641575,0.001701928,0.000349928,1.71646E-05,0.000414872,4.34022E-05,2.71651E-06,2.79834E-05
0.628798609,0.070440782,0.173351686,0.083120268,0.02619303,0.010771364,0.000942122,0.006075422,0.000153678,0.000137626,1.41975E-05,1.21575E-06
0.764515872,0.20077371,0.027204523,0.003045019,0.000693716,0.001076517,0.001985605,0.000326637,0.000364039,1.21501E-05,1.07537E-06,1.1366E-06
0.642598741,0.18270943,0.087098383,0.065143677,0.011656029,0.007263722,0.000990141,0.001257788,0.001263014,1.71568E-05,8.88933E-08,1.82869E-06
0.322441082,0.622815688,0.024023351,0.021899705,0.004045424,0.004299167,3.91407E-05,0.000213433,3.26163E-05,5.11821E-05,0.000103102,3.61096E-05
0.014509173,0.67395903,0.146716482,0.155522396,0.001682287,0.006610255,0.000831225,0.000162386,2.51823E-06,3.16824E-06,7.77344E-07,3.01411E-07
0.413635713,0.292964607,0.022102488,0.048219141,0.173328812,0.032253277,0.004282036,0.005908525,0.00678833,8.21778E-05,0.000300451,0.000134441
0.023841288,0.973196081,0.00139191,0.001353447,4.85741E-05,9.98528E-05,2.18016E-05,3.01803E-05,2.62159E-06,1.12199E-05,1.8095E-06,1.21376E-06
0.742050943,0.088739353,0.088528306,0.053398652,0.017796524,0.001254712,0.005621715,7.9348E-05,0.000416574,2.92113E-05,0.001538777,0.000545883
0.265435516,0.353710519,0.081686453,0.229660042,0.042312171,0.001102886,0.00415496,0.019841406,0.001072301,0.000574936,5.52002E-05,0.00039361
0.97728352,0.010941855,0.001120717,0.00371253,0.004417432,0.000982123,0.000170626,8.11453E-05,0.000398011,0.000191532,0.000150452,0.000550056
0.602512317,0.14014252,0.131891172,0.08581879,0.023226837,0.011509957,0.003448415,0.000890021,0.000123662,0.000297704,0.000118782,1.98235E-05
0.636576854,0.332580406,0.006066644,0.002367138,0.00168897,0.002951707,0.012568439,0.003450884,0.000876182,0.000456889,0.000252863,0.000163023
0.177985434,0.411160846,0.06910715,0.236856005,0.000360617,0.044684371,0.023902351,0.020375557,0.011691769,0.00026123,0.002576418,0.001038252
0.857695928,0.091109187,0.034784687,0.012651253,0.00315605,0.000283046,0.000120232,7.37888E-05,6.96083E-05,2.48249E-06,1.9921E-05,3.38158E-05
0.500811801,0.410575723,0.025674103,0.024566276,0.021249396,0.016764926,0.000242744,3.1074E-05,7.54629E-05,6.18781E-07,2.0895E-07,7.66702E-06
0.534794604,0.439349995,0.012672907,0.00994945,0.001604455,0.000931991,0.000208887,0.000467566,1.57504E-05,3.92155E-06,3.61787E-07,1.12258E-07
0.665778958,0.225094066,0.058739986,0.003687096,0.000116487,0.010628889,0.003767018,0.015687943,0.015573722,0.000858159,3.49859E-05,3.26905E-05
0.228138288,0.000560352,0.251731655,0.049609669,0.214853837,0.245429472,0.008180251,0.000886726,0.000205093,0.000398458,2.59947E-06,3.59931E-06
0.748293038,0.102842388,0.107882035,0.004982772,0.015563522,0.011302802,0.004085648,0.003888171,0.000407238,7.84421E-05,0.000475578,0.000198365
0.651885117,0.326957914,0.011468011,0.004891559,0.004690478,3.96913E-05,5.51762E-06,1.71152E-05,1.33885E-05,1.92011E-05,9.27981E-06,2.72893E-06
0.152739523,0.57392494,0.047172174,0.185143642,0.005160149,0.015385793,0.014184777,0.005655121,0.000533546,4.14567E-05,3.96316E-06,5.49158E-05
0.086639906,0.015517342,0.323121821,0.251725392,0.299424111,0.001956617,0.01987439,0.000195051,0.001508733,3.52729E-05,7.19688E-07,6.43675E-07
0.705417749,0.060816365,0.171997839,0.010717992,0.047047647,0.00330885,0.000532631,6.69778E-05,6.81335E-05,1.94323E-06,1.97151E-05,4.15742E-06
0.992865803,0.006790204,0.000147756,9.57726E-05,4.07716E-05,2.37824E-05,1.09282E-05,9.77108E-06,7.20362E-06,5.42106E-06,2.20246E-06,3.83559E-07
0.039866207,0.546546475,0.25188303,0.115382004,0.012869904,0.015111743,0.011579,0.003451244,0.001666961,0.000121003,0.00112325,0.000399178
0.195982129,0.105217113,0.072328761,0.104561675,0.323620639,0.125298393,0.067097035,0.005713664,9.16016E-06,1.09744E-05,5.63459E-05,0.000104111
0.662477021,0.285261348,0.044982444,0.00407192,0.003144705,1.08342E-05,1.6778E-05,1.49504E-05,1.89252E-05,8.24907E-07,4.75257E-08,2.0271E-07
0.099778636,0.304314916,0.248573682,0.089130892,0.089755764,0.145361425,0.018441352,4.36336E-05,0.001732048,0.002369182,7.78842E-06,0.00049068
0.429109464,0.067078675,0.1324833,0.363775982,0.005890241,0.00095529,0.000547763,8.0299E-05,4.80549E-05,1.01213E-05,1.13987E-05,9.41038E-06
0.025023509,0.598884832,0.019762057,0.346303287,0.004819822,0.003111666,0.000873368,0.001173154,2.93952E-05,3.2694E-06,1.09496E-05,4.69159E-06
0.352090415,0.18155683,0.22891032,0.107881078,0.104812676,0.021178893,0.000959475,0.002417574,4.10188E-05,6.98416E-05,4.60124E-05,3.58675E-05
0.008770219,0.909094413,0.038622779,0.031381363,0.010044138,0.001187008,1.3018E-05,0.000470379,3.16734E-05,5.72831E-05,0.000243377,8.43496E-05
0.918089258,0.051032926,0.000224121,0.011487036,0.006464545,0.011252432,0.000697258,0.000643993,6.09896E-05,1.71886E-05,1.66878E-05,1.35652E-05
0.032284172,0.910013613,0.036277604,0.009018758,0.000332812,0.002457467,0.002190819,0.001473625,0.003530888,0.001347875,0.000409989,0.000662376
