C1,C2,C3,C4,C5,C6,C7,C8
0.008016892,0.000506065,0.330591789,0.033382292,0.014087898,0.0235549,0.58094907,0.008911095
0.008290022,0.000437547,0.54255673,0.045754266,0.015844751,0.028871965,0.348841669,0.00940305
0.004107176,0.000242153,0.424908266,0.02246465,0.008488124,0.015471518,0.519280464,0.00503765
0.002525786,0.0001435,0.365694654,0.012301699,0.004698587,0.008351936,0.603457027,0.002826812
0.004358707,0.000246049,0.489995596,0.023562321,0.00887874,0.016173927,0.451641899,0.005142762
0.007606977,0.000469967,0.401851322,0.041589949,0.017901659,0.031999613,0.488759056,0.009821457
0.005539796,0.000354531,0.339366388,0.029538443,0.012854706,0.0228294,0.582241378,0.007275358
0.008338232,0.000520833,0.395548115,0.046153566,0.020452481,0.036890945,0.480965422,0.011130404
0.004695683,0.000288361,0.331878072,0.023582141,0.010063749,0.017645601,0.606096626,0.005749767
0.003298972,0.000197733,0.260025385,0.014714423,0.006315017,0.010801156,0.700945251,0.003702062
0.00367001,0.000233856,0.225175225,0.016463626,0.007469887,0.012645914,0.7299955,0.004345982
0.00379758,0.000233997,0.29600646,0.018701716,0.008023126,0.014059734,0.654570357,0.00460703
0.002405569,0.000146798,0.201126925,0.010678604,0.004523405,0.007656277,0.770752491,0.002709931
0.004072032,0.000265167,0.212710889,0.017139426,0.007438107,0.012429096,0.741288858,0.004656426
0.005503483,0.000347486,0.280677118,0.023033011,0.009828223,0.016421332,0.658102661,0.006086684
0.00195835,0.000117093,0.232155099,0.009305499,0.003627385,0.006302395,0.744326838,0.002207341
0.002437893,0.000149679,0.201644301,0.010935981,0.004443649,0.007624039,0.770028901,0.002735557
0.002755126,0.000158487,0.444135043,0.014738157,0.005668519,0.010207455,0.519106882,0.00323033
0.006821917,0.000445078,0.268811826,0.026382489,0.011685812,0.019106858,0.659287948,0.007458073
0.004369754,0.000279998,0.229393065,0.017967552,0.007777736,0.012900764,0.722451651,0.00485948
0.003859109,0.000242902,0.23628969,0.016712758,0.006976032,0.011800737,0.719760734,0.004358038
0.003663535,0.000238059,0.203166025,0.015553098,0.006750742,0.011304752,0.75513441,0.00418938
0.001991409,0.00012353,0.176924327,0.009188086,0.003819392,0.006529338,0.799126226,0.002297691
0.001677388,9.73E-05,0.248563991,0.007932893,0.003062807,0.005353534,0.731453394,0.001858711
0.002795852,0.000170815,0.234625945,0.01252826,0.005161451,0.008768016,0.732823738,0.003125924
0.00462618,0.000254779,0.563448866,0.025589221,0.009553484,0.017373809,0.373800422,0.005353239
0.001615416,9.63E-05,0.242685181,0.008098949,0.003200017,0.005652896,0.736766832,0.001884388
0.002562286,0.000142747,0.518253744,0.013546303,0.005059524,0.009162362,0.448358056,0.002914977
0.00327366,0.000199713,0.273140691,0.014931726,0.005802319,0.009972746,0.689006049,0.003673096
0.003102829,0.000184574,0.328731423,0.01477729,0.005619211,0.009737387,0.634360545,0.003486739
0.001839792,0.000108984,0.234155548,0.008619126,0.003239993,0.005648418,0.744344417,0.002043722
0.002560746,0.000151926,0.271033665,0.011665707,0.004420942,0.007617236,0.699745144,0.002804635
0.002150723,0.0001282,0.265985478,0.010366421,0.003863325,0.006769045,0.708304256,0.002432551
0.001846453,0.00010843,0.3521698,0.009624158,0.003572519,0.006346789,0.624181522,0.002150329
0.002182685,0.000124239,0.512531958,0.011570507,0.004072313,0.007315739,0.459708061,0.002494499
0.001791019,0.000110558,0.172754526,0.008377439,0.003488646,0.005980169,0.805417203,0.002080441
0.001927528,0.000114329,0.209877047,0.008705454,0.003497078,0.005990621,0.767754596,0.002133347
0.001254105,7.62E-05,0.139423481,0.005909376,0.002328124,0.00404996,0.845522017,0.001436701
0.002883603,0.000180668,0.219588737,0.013270476,0.005591171,0.009542208,0.74556389,0.003379247
0.002497695,0.000151422,0.290385419,0.013104844,0.005076894,0.009116682,0.676631336,0.003035709
0.006203481,0.000394757,0.267212766,0.02420887,0.010397526,0.017155571,0.667742411,0.006684618
0.004604524,0.000288824,0.257145513,0.019381389,0.008730102,0.014351838,0.690327844,0.005169966
0.005987334,0.00038496,0.257462275,0.023089264,0.01018556,0.016492591,0.67996362,0.006434397
0.00133893,8.15E-05,0.12529898,0.005944033,0.002408564,0.004112972,0.859322286,0.001492698
0.001481062,9.10E-05,0.138850394,0.006679697,0.002679646,0.004582627,0.843968527,0.001667086
0.001907834,0.000116641,0.168641907,0.008557563,0.003416263,0.005857333,0.809365318,0.002137142
0.002821882,0.000173685,0.232491827,0.012845218,0.005529499,0.009314082,0.733591814,0.003231993
0.002133467,0.000132107,0.183189835,0.00971878,0.004120153,0.006995107,0.791264336,0.002446215
0.006991945,0.000451984,0.272807482,0.026841506,0.011763655,0.019201609,0.654394135,0.007547684
0.001896533,0.000107937,0.331340633,0.009216325,0.003548987,0.006236187,0.645543786,0.002109614
0.004691869,0.000307158,0.238762869,0.020413725,0.009133628,0.015255202,0.705945339,0.005490209
0.001969485,0.000122037,0.19499781,0.009819589,0.004007071,0.007047657,0.779662486,0.002373865
0.002438651,0.000150485,0.213417622,0.011465686,0.004912127,0.008407554,0.756352717,0.002855158
0.005413352,0.000366672,0.227027153,0.022067824,0.010111164,0.016579754,0.712173257,0.006260823
0.002363891,0.00014983,0.190182754,0.011363985,0.004686804,0.008146307,0.780272075,0.002834354
0.004311598,0.000283606,0.222533369,0.018593654,0.008359166,0.013845726,0.7270254,0.005047481
0.003337395,0.00021815,0.187230201,0.014165499,0.006376731,0.010528262,0.774296915,0.003846846
0.001215451,7.53E-05,0.118248029,0.005600366,0.002263555,0.003889226,0.867313975,0.001394106
0.003420533,0.000225849,0.183605014,0.014582521,0.006541094,0.010854026,0.77678164,0.003989323
0.003035671,0.000199441,0.182648954,0.013681434,0.006016311,0.010178497,0.780606824,0.003632867
0.005050165,0.000334804,0.232840648,0.021026778,0.009270685,0.015437839,0.710218255,0.005820826
0.002825437,0.000179988,0.200597156,0.013008631,0.005414668,0.009299306,0.765351393,0.003323421
0.002424462,0.000151886,0.228956683,0.012191031,0.004854014,0.008541311,0.739930521,0.002950091
0.003117326,0.000190627,0.346616982,0.017241332,0.006725415,0.012188422,0.609996994,0.003922902
0.002915211,0.000176514,0.313547472,0.015287984,0.005999023,0.010685815,0.647867122,0.003520859
0.006346535,0.000436351,0.236632109,0.025040974,0.0121355,0.019463274,0.692611876,0.007333382
0.004791062,0.000323437,0.228613188,0.021349023,0.010023854,0.016713576,0.712297401,0.005888459
0.005403252,0.000366697,0.234507852,0.022824962,0.010698344,0.017609618,0.702150937,0.006438337
0.001596192,0.000100645,0.135285909,0.007437514,0.003209846,0.00549415,0.84498543,0.001890314
0.00558098,0.000382023,0.233373251,0.023370914,0.010684136,0.017673084,0.70231952,0.006616093
0.006453567,0.000436839,0.239578927,0.024967333,0.011778404,0.019003916,0.690497924,0.00728309
0.006659622,0.00045031,0.243270887,0.025600045,0.012042375,0.01939681,0.685095562,0.007484389
0.002821653,0.000175339,0.224829947,0.013205383,0.00584843,0.00993905,0.739860911,0.003319287
0.00322539,0.00020691,0.200144208,0.014346555,0.006585668,0.011006218,0.760686684,0.003798367
0.003045084,0.000190862,0.231977474,0.014579162,0.006403474,0.011032309,0.729105672,0.003665963
0.008247504,0.000516495,0.371682708,0.040271607,0.018963631,0.031871851,0.518244378,0.010201826
0.005500926,0.00036164,0.23361348,0.021255648,0.009827415,0.015878067,0.707507688,0.006055137
0.003026577,0.000196609,0.173575672,0.012682974,0.005599333,0.009290221,0.792189824,0.003438792
0.005190854,0.000344448,0.219953936,0.020159657,0.009275744,0.015002806,0.724308657,0.005763898
0.002291824,0.000144169,0.169016536,0.010154297,0.00446596,0.007521556,0.803767875,0.002637784
0.002928989,0.000188676,0.180322963,0.012801633,0.005564504,0.009412789,0.78538481,0.003395636
0.003108854,0.000176579,0.412323534,0.015519418,0.006193232,0.01096553,0.548202119,0.003510734
0.003829154,0.000223124,0.391757684,0.019235374,0.00783015,0.013854131,0.558820157,0.004450226
0.002723074,0.000168718,0.184293392,0.011450448,0.004928883,0.008253946,0.7851666,0.003014939
0.009408162,0.000658013,0.26811297,0.033871145,0.016567999,0.025941786,0.635027106,0.010412818
0.00569873,0.000371594,0.242628678,0.022239247,0.010306818,0.016636081,0.69583088,0.006287972
0.004099218,0.000268543,0.204650103,0.016656416,0.007530599,0.012276357,0.749902294,0.004616469
0.005456298,0.000326585,0.360545439,0.025284132,0.010697044,0.018029288,0.573434766,0.006226449
0.003590973,0.000210276,0.339444784,0.016682275,0.006728456,0.01153071,0.617804813,0.004007713
0.002467796,0.000153074,0.204772917,0.011360245,0.004751877,0.0080798,0.765558187,0.002856104
0.00230467,0.000139991,0.204803851,0.010269837,0.004212028,0.007133308,0.76855777,0.002578545
0.002725788,0.000160313,0.25066798,0.011859031,0.004740479,0.00803821,0.718866338,0.002941861
0.001817115,0.000106399,0.244087964,0.008689791,0.003340357,0.005822281,0.7340922,0.002043894
0.003608412,0.000225381,0.258657433,0.016717466,0.007146399,0.012116611,0.697279285,0.004249013
0.003495697,0.000215146,0.256489222,0.015861757,0.006551159,0.0111675,0.702227246,0.003992273
0.003261384,0.000190712,0.365330248,0.016118198,0.006106154,0.010710735,0.594572194,0.003710375
0.001340247,8.06E-05,0.163509581,0.006411098,0.002563188,0.004457533,0.820103912,0.00153386
0.005316665,0.00032635,0.320568021,0.024158926,0.010352909,0.01745496,0.615723098,0.00609907
0.002276818,0.000139769,0.206292968,0.010724958,0.00430032,0.007464504,0.766175127,0.002625534
0.003587674,0.000221126,0.307465156,0.018565754,0.007700828,0.013618776,0.644435214,0.004405471
0.005928322,0.000354626,0.358959186,0.027381576,0.011751425,0.02009611,0.56871878,0.006809973
0.034947852,0.001415089,0.335057468,0.235659146,0.048565773,0.09149038,0.217934179,0.034930114
0.023444977,0.000985468,0.442894454,0.164638557,0.032922752,0.064156859,0.247520364,0.023436569
0.015344115,0.000665963,0.547993078,0.103278274,0.022609895,0.044071356,0.25067373,0.01536359
0.005658352,0.000278551,0.672664419,0.031082349,0.008856328,0.01643757,0.2591837,0.005838732
0.021676335,0.0008314,0.49467244,0.137627507,0.028985276,0.05656105,0.240031693,0.019614299
0.0090012,0.000431881,0.605172313,0.052221381,0.013746456,0.026074021,0.284044713,0.009308035
0.00425897,0.000230905,0.569660436,0.021296205,0.007085523,0.012523418,0.380420025,0.004524517
0.006174502,0.000310608,0.555731075,0.026203859,0.00891025,0.015336542,0.381532692,0.005800472
0.008611156,0.000390486,0.647123837,0.046186862,0.012473379,0.023026184,0.253981179,0.008206917
0.006660699,0.000380979,0.402529528,0.028395867,0.010212659,0.017565638,0.52738612,0.00686851
0.003345809,0.000181343,0.504662324,0.015817758,0.005462434,0.009639274,0.457397023,0.003494035
0.002965421,0.00016631,0.439321064,0.014157502,0.004983185,0.008793414,0.526422838,0.003190265
0.004006193,0.00023115,0.38596921,0.018775599,0.006864376,0.01199983,0.567770304,0.004383338
0.00352005,0.000195845,0.539993616,0.018932623,0.006185248,0.011302867,0.415887385,0.003982366
0.003713165,0.000195471,0.679928873,0.02128163,0.006518648,0.012176116,0.272051391,0.004134707
0.002864927,0.000149086,0.770362806,0.018668614,0.005412949,0.010459715,0.188760715,0.003321189
0.006715294,0.000338709,0.646307807,0.046445818,0.0120233,0.023909751,0.256492981,0.00776634
0.003765649,0.000199444,0.630824795,0.019943207,0.006363857,0.011614835,0.323251163,0.004037051
0.004450598,0.000220724,0.725741308,0.027907321,0.007792482,0.015033945,0.213990843,0.004862779
0.004155786,0.000215093,0.6589155,0.022663245,0.006975257,0.0129891,0.289625794,0.004460226
0.002775979,0.000154514,0.556060721,0.015176842,0.005180013,0.009512151,0.407976517,0.003163264
0.003560539,0.000189755,0.653261626,0.019929887,0.006208026,0.011477527,0.301442024,0.003930616
0.005872955,0.000324731,0.45875436,0.026735032,0.009450066,0.016593792,0.476162274,0.00610679
0.006436503,0.000385731,0.361099505,0.028047325,0.010649801,0.018359081,0.568055728,0.006966326
0.010786991,0.000535598,0.540545898,0.053211047,0.016058934,0.029276119,0.338877747,0.010707666
0.005670693,0.000287131,0.644739878,0.03226795,0.009463553,0.017945997,0.283502998,0.0061218
0.007747546,0.000374069,0.6315709,0.050087661,0.014549819,0.028628353,0.25847583,0.008565822
0.004864664,0.000298557,0.264065684,0.019164919,0.008033574,0.013239345,0.685201951,0.005131305
0.002205741,0.000132893,0.189192974,0.009387316,0.00386918,0.006489165,0.786332366,0.002390365
0.004879545,0.000304232,0.258796997,0.01932773,0.008082676,0.013277513,0.690156033,0.005175273
0.005710008,0.000347523,0.292497713,0.021851333,0.009247211,0.014996502,0.649489841,0.00585987
0.001731738,9.41E-05,0.599216787,0.008683634,0.003051106,0.005423821,0.379937891,0.001860905
0.001165989,6.67E-05,0.214064823,0.005447503,0.002051115,0.003573395,0.772365247,0.001265241
0.001821247,0.0001068,0.234860008,0.008257338,0.003156716,0.005417649,0.744406212,0.001974031
0.001576188,9.17E-05,0.218343069,0.007145514,0.002752649,0.004733259,0.763652581,0.001705006
0.0017149,9.77E-05,0.299372395,0.00798244,0.002948199,0.005151543,0.680888912,0.001843951
0.002552934,0.000142995,0.38745342,0.011726779,0.004292498,0.007461695,0.583681264,0.002688415
0.00296148,0.000170931,0.299962802,0.012816494,0.004906017,0.008374806,0.667696287,0.003111182
0.001819481,0.000105652,0.289681243,0.008703847,0.003309303,0.005756712,0.68859975,0.002024013
0.002014955,0.00011692,0.282480554,0.00940881,0.003522698,0.006134179,0.694111474,0.002210409
0.005839111,0.000360837,0.286198411,0.02267119,0.009978618,0.016101507,0.652693266,0.00615706
0.001495763,8.93E-05,0.157731094,0.00662454,0.002639727,0.004503628,0.825280632,0.001635314
0.003428677,0.000204974,0.234818484,0.013713094,0.005677116,0.00940294,0.729186448,0.003568267
0.00432096,0.000258034,0.30592004,0.018890009,0.008176115,0.013605461,0.644092923,0.004736458
0.002326838,0.000134091,0.286238264,0.010607346,0.004285577,0.007329812,0.686555396,0.002522676
0.00167126,0.000101087,0.161322441,0.007397995,0.003086721,0.005207853,0.819360414,0.001852229
0.002917723,0.000161511,0.50232067,0.014489582,0.005525912,0.009687821,0.461690056,0.003206725
0.002173662,0.0001294,0.203847192,0.009452433,0.003773477,0.006430681,0.77184912,0.002344034
0.003841722,0.00020415,0.616349175,0.021167164,0.007455567,0.013641368,0.33302885,0.004312004
0.002034757,0.000111919,0.597360112,0.010707872,0.003799471,0.006852556,0.376873525,0.002259788
0.002101608,0.000118557,0.340957854,0.009802915,0.003630024,0.006326747,0.634812215,0.00225008
0.002756521,0.000142699,0.71735859,0.01471406,0.004985044,0.009039384,0.248055187,0.002948515
0.00284313,0.000164572,0.304736727,0.012807985,0.004892604,0.008487419,0.663014674,0.003052889
0.004816916,0.000293795,0.293603741,0.020135154,0.008010767,0.013502549,0.654478647,0.005158431
0.002290216,0.000130719,0.361330753,0.010749281,0.004030659,0.007000101,0.611993042,0.002475229
0.001700563,9.56E-05,0.426753061,0.008370006,0.003020348,0.005336315,0.552870046,0.001854026
0.003122104,0.00018947,0.246104985,0.01368746,0.005416874,0.009264615,0.718788251,0.00342624
0.002495742,0.000154922,0.1932387,0.010831954,0.004416821,0.007456788,0.778638103,0.002766969
0.001454322,8.82E-05,0.147907566,0.006489039,0.002581957,0.004394892,0.83547688,0.00160714
0.004426795,0.000253021,0.338045736,0.017964822,0.006983627,0.01171762,0.616146733,0.004461646
0.001807004,0.000101726,0.319294812,0.0083079,0.003121907,0.005429946,0.66001715,0.001919556
0.005450617,0.000282313,0.539669524,0.024137157,0.008664637,0.015042574,0.401381479,0.005371698
0.002242974,0.00011683,0.728395581,0.011607139,0.003948222,0.007161595,0.244156958,0.002370701
0.003172194,0.000178683,0.321347976,0.013406475,0.005170163,0.008837086,0.644638183,0.003249239
0.003589818,0.000197439,0.412858817,0.015542223,0.00588861,0.0101275,0.548130762,0.003664832
0.00215648,0.000118137,0.389059319,0.009721958,0.003687063,0.00639793,0.58662399,0.002235123
0.001835478,0.0001027,0.353771962,0.008550446,0.003297974,0.005733566,0.624741309,0.001966564
0.002120054,0.000126233,0.193848966,0.009080818,0.003649841,0.006207285,0.782688794,0.00227801
0.003252067,0.000189942,0.277141572,0.013699953,0.005351514,0.009071163,0.687887855,0.003405934
0.00326555,0.000176747,0.489600454,0.014983445,0.005393953,0.009446377,0.473758207,0.003375267
0.003031257,0.000167366,0.434447959,0.013848026,0.005047519,0.008823043,0.531462774,0.003172056
0.002378299,0.000126659,0.543573598,0.011065835,0.004002207,0.007036733,0.429367109,0.002449561
0.002557574,0.000141721,0.432121241,0.012259214,0.004439239,0.007892957,0.537826454,0.002761599
0.002005824,0.000109356,0.60171829,0.010288769,0.003531241,0.006365948,0.373788095,0.002192477
0.003959741,0.000209102,0.605561773,0.01965837,0.00678626,0.012071948,0.347574914,0.004177893
0.003570409,0.000196226,0.476593257,0.016565044,0.005734016,0.010096743,0.483531863,0.003712441
0.003718483,0.000205049,0.39978629,0.016218636,0.005952068,0.010321469,0.55999384,0.003804165
0.003531367,0.000210808,0.266545381,0.01510139,0.005936231,0.010115107,0.694770894,0.003788822
0.003776465,0.000218337,0.391267697,0.017687949,0.006472778,0.011278041,0.565200771,0.004097962
0.00460495,0.000267213,0.349540785,0.019654284,0.007439029,0.012699781,0.600989864,0.004804095
0.003378396,0.000189739,0.466719805,0.016420985,0.005777748,0.010186904,0.493676781,0.003649642
0.006383244,0.00033967,0.494869882,0.028599776,0.009772603,0.01724095,0.436377789,0.006416086
0.003058312,0.000166696,0.504226881,0.014717054,0.005086124,0.009060897,0.460443539,0.003240498
0.003948141,0.000204707,0.622131665,0.019891999,0.006458596,0.011756394,0.331508725,0.004099774
0.004890845,0.000229787,0.742301242,0.028059438,0.007728663,0.014504032,0.197349954,0.004936039
0.002617166,0.000133269,0.759798338,0.013943137,0.004408555,0.007990364,0.208373077,0.002736093
0.00571341,0.000266806,0.723091636,0.03496717,0.009390494,0.017836354,0.202843636,0.005890494
0.002314122,0.000115381,0.820577192,0.013730702,0.003938364,0.007431295,0.149408796,0.002484147
0.00532076,0.000255636,0.718711513,0.032426701,0.009002871,0.016983337,0.211657887,0.005641294
0.003195215,0.000165,0.713946203,0.017361312,0.005336921,0.009815057,0.246761744,0.003418548
0.006668973,0.000381605,0.372711748,0.026940147,0.010141242,0.017167225,0.559270152,0.006718907
0.003399699,0.000195261,0.34663682,0.015244368,0.005618821,0.009733668,0.615556612,0.003614752
0.004363188,0.000251486,0.366228739,0.019639373,0.007295155,0.012698416,0.584847604,0.004676039
0.004431363,0.000249661,0.401402047,0.018990449,0.007051947,0.011966541,0.551389026,0.004518966
0.003359137,0.00017595,0.643736938,0.01654773,0.005535026,0.009828672,0.317356275,0.003460272
0.001729075,9.61E-05,0.420736348,0.008270865,0.003098995,0.005401011,0.558812014,0.001855609
0.002644005,0.000135487,0.726402987,0.013910501,0.00463884,0.008392774,0.241086826,0.002788579
0.002416077,0.000141712,0.25883696,0.01074533,0.004106066,0.007020781,0.714135042,0.002598031
0.003183408,0.000175336,0.47299509,0.015077976,0.005651486,0.009780105,0.48974183,0.003394766
0.006475081,0.000317289,0.640870579,0.036793772,0.011234477,0.020860104,0.276615541,0.006833158
0.010721018,0.000513627,0.527737563,0.042193683,0.014374145,0.024653029,0.370368463,0.009438471
0.01074286,0.000504844,0.547988574,0.044340002,0.014587628,0.025366118,0.346961587,0.009508387
0.007911855,0.000356605,0.657931598,0.039452732,0.011720952,0.021214976,0.254057931,0.00735335
0.006001897,0.000292176,0.604361312,0.026370477,0.008881095,0.015510798,0.332981587,0.005600658
0.004669697,0.000233777,0.626431258,0.021127584,0.007077055,0.012435851,0.323527309,0.00449747
0.002989488,0.000153446,0.680849886,0.014587832,0.004791586,0.008558352,0.285040714,0.003028696
0.003651711,0.000177348,0.753075561,0.019460123,0.005963465,0.010937723,0.203031879,0.003702189
0.003365088,0.000166925,0.702669506,0.016306727,0.005210578,0.009362846,0.259597247,0.003321085
0.010502386,0.000500095,0.53714587,0.043315847,0.014492744,0.025372413,0.359214797,0.009455848
0.005206812,0.000295561,0.358661504,0.021556147,0.008292262,0.01418035,0.586488699,0.005318665
0.012699015,0.000770888,0.362096696,0.045578957,0.018379019,0.029985774,0.517922288,0.012567363
0.005236881,0.000303613,0.349484623,0.021967893,0.008367508,0.014286103,0.594918981,0.005434399
0.003546593,0.000195551,0.447524646,0.016203672,0.005799675,0.010138815,0.512899082,0.003691967
0.003323452,0.000177946,0.561694188,0.016113306,0.0054576,0.009740969,0.400026812,0.003465728
0.004763466,0.000270371,0.396094297,0.021154607,0.007712922,0.013414532,0.551589406,0.005000399
0.008853324,0.000555089,0.319881244,0.033481913,0.013958277,0.022968129,0.591063905,0.009238119
0.003425175,0.000179933,0.670540465,0.018122548,0.005956862,0.010766926,0.287357215,0.003650877
0.030875676,0.001138093,0.399029235,0.174074786,0.046178624,0.086798004,0.23465717,0.027248412
0.005469373,0.000269433,0.655564228,0.028247979,0.008695498,0.016039463,0.280170241,0.005543785
0.008422309,0.000441668,0.556086445,0.05247291,0.016938248,0.032024238,0.323736467,0.009877714
0.005132352,0.000258263,0.643215264,0.027948553,0.009190165,0.016966624,0.291874881,0.005413898
0.00272542,0.00016076,0.264778243,0.012394394,0.004862816,0.008416738,0.703672617,0.002989013
0.003324726,0.000181312,0.608962584,0.018124889,0.006165043,0.011215106,0.348292676,0.003733663
0.008980754,0.00043105,0.612766333,0.05544677,0.016322387,0.030676505,0.265740276,0.009635926
0.003285323,0.000192919,0.335365488,0.015317407,0.005742372,0.00995864,0.626523879,0.003613972
0.004139579,0.000231084,0.50910744,0.021580454,0.007745956,0.01377808,0.43876357,0.004653838
0.002786314,0.000155375,0.578678043,0.015142924,0.005160243,0.009284697,0.385628785,0.003163618
0.005337725,0.000292158,0.504267604,0.025814811,0.009801549,0.016981554,0.431759471,0.005745128
0.003115028,0.000180031,0.35328062,0.014329926,0.00533815,0.009208287,0.611175977,0.003371981
0.00311371,0.000165298,0.570923057,0.015381805,0.005248513,0.009465274,0.392418842,0.003283501
0.004021815,0.00020183,0.674412938,0.020171585,0.006429611,0.011562373,0.279151445,0.004048403
0.006659634,0.000376589,0.386157232,0.026945238,0.01012004,0.017123627,0.545959941,0.006657699
0.005964219,0.000319116,0.455598139,0.024062982,0.009233999,0.015404222,0.483697573,0.005719749
0.004441907,0.000252608,0.335097925,0.017665155,0.00689447,0.01149608,0.619733749,0.004418105
0.00336154,0.000175169,0.578847087,0.015245764,0.005394215,0.009368415,0.384257791,0.003350018
0.006092856,0.000297192,0.614682714,0.027510818,0.009549994,0.01664772,0.31941086,0.005807847
0.003440746,0.000193746,0.379470221,0.015314265,0.005877166,0.009995593,0.582095981,0.003612283
0.003185576,0.000175648,0.395905709,0.014068843,0.005453124,0.009318133,0.568597219,0.003295747
0.021170323,0.000864031,0.499393294,0.097292829,0.028076978,0.050371219,0.284669628,0.018161698
0.004477942,0.000233577,0.567450924,0.021366362,0.007465281,0.013270108,0.381117757,0.004618049
0.002695048,0.000159369,0.309279239,0.012862043,0.004933657,0.008587658,0.658445674,0.003037312
0.005048001,0.000271379,0.493900485,0.023156181,0.008188202,0.014455993,0.449754633,0.005225125
0.005584175,0.00027845,0.646649461,0.028644574,0.009333174,0.016823588,0.286944669,0.005741909
0.004448861,0.000237004,0.558370739,0.022040685,0.00799988,0.014080548,0.388085433,0.004736849
0.002619508,0.000150669,0.303517806,0.012018552,0.004843984,0.008324552,0.665663,0.002861929
0.013185493,0.000895996,0.315812739,0.046430403,0.021029392,0.03349476,0.555093027,0.01405819
0.010149376,0.000666348,0.308770959,0.03777213,0.01661476,0.026955621,0.588175219,0.010895587
0.003733221,0.000222793,0.386156647,0.019999777,0.00762629,0.013880556,0.563852086,0.004528631
0.004560487,0.000270746,0.415879244,0.024162762,0.008718522,0.015868893,0.525140244,0.005399102
0.005000352,0.000286388,0.531325845,0.030813663,0.010830458,0.020446292,0.3950756,0.006221401
0.004501593,0.000253259,0.527190235,0.025404914,0.008573412,0.015942347,0.412881542,0.005252698
0.005196583,0.00027898,0.599085464,0.031519011,0.010483862,0.019790626,0.327588871,0.006056603
0.008881254,0.000454944,0.570034637,0.066378905,0.018778895,0.03798394,0.286582425,0.010905001
0.004776799,0.000287796,0.379831692,0.023949784,0.00869814,0.015439304,0.561478182,0.005538303
0.006283588,0.000310411,0.650190001,0.036349925,0.010579441,0.019973657,0.269636185,0.006676792
0.020831361,0.000850751,0.485563498,0.123159529,0.031217172,0.059127768,0.259768474,0.019481447
0.009403349,0.000472254,0.57296693,0.054416202,0.017333586,0.032031991,0.303136499,0.010239189
0.012959805,0.000713275,0.484628113,0.083778938,0.025784669,0.048264699,0.328065925,0.015804575
0.005863543,0.000328562,0.506485548,0.032697395,0.011339732,0.021225896,0.415180046,0.006879279
0.011910374,0.000560737,0.559815455,0.072290069,0.019696499,0.038404204,0.284610926,0.012711735
0.007356014,0.000414219,0.51044143,0.045006507,0.014653564,0.028425628,0.384614386,0.009088252
0.048818811,0.003429945,0.101180277,0.154081112,0.260898113,0.234633873,0.091796553,0.105161317
0.095869844,0.010499212,0.10371827,0.138328197,0.228277269,0.17515393,0.09761563,0.150537649
0.011005626,0.000604079,0.484631366,0.06894854,0.026083907,0.048394406,0.346640675,0.013691401
0.007611535,0.000463102,0.399865292,0.039518623,0.016996581,0.029809908,0.496274142,0.009460818
0.008395449,0.000499885,0.412455089,0.042236817,0.018101912,0.031557516,0.476737195,0.010016135
0.008454061,0.000531351,0.354279364,0.039266482,0.018453701,0.031056869,0.537812457,0.010145715
0.005592903,0.000380946,0.233904021,0.02340841,0.010987258,0.018067846,0.701014553,0.006644062
0.011749536,0.000751958,0.352871319,0.049707609,0.024229329,0.039211327,0.507797206,0.013681716
0.008643976,0.0006006,0.299738477,0.039825516,0.020181769,0.03347292,0.586242221,0.01129452
0.011468328,0.000743162,0.378942716,0.065369331,0.030305356,0.054361857,0.442614089,0.016195162
0.007082121,0.000442676,0.382605078,0.038682759,0.016327702,0.02921327,0.516407307,0.009239088
0.008742283,0.00056032,0.365859674,0.045419286,0.021046571,0.036867179,0.51000403,0.011500659
0.010970268,0.000656527,0.41236118,0.059352065,0.026435455,0.046932243,0.429266606,0.014025656
0.015793803,0.000955508,0.386173297,0.105603692,0.045914591,0.087170671,0.33522075,0.023167689
0.016112929,0.001075494,0.349633573,0.095743011,0.049661027,0.090134033,0.3728007,0.024839233
0.006620241,0.000438977,0.29774259,0.031391669,0.013980714,0.023828344,0.6176565,0.008340966
0.007451171,0.000482714,0.339063044,0.037157162,0.017085817,0.029419567,0.55977448,0.009566045
0.008175804,0.000576393,0.258270301,0.031533664,0.016118255,0.025397382,0.650393677,0.009534524
0.004246849,0.000273114,0.273969708,0.02095142,0.009539657,0.016423071,0.669291799,0.005304383
0.004967897,0.000330432,0.224067386,0.020512236,0.009769395,0.015949069,0.718614495,0.00578909
0.005516523,0.000373968,0.238390877,0.023819133,0.011493652,0.018997649,0.694691922,0.006716276
0.003658909,0.000239323,0.220462642,0.017207065,0.007897236,0.013442335,0.732571125,0.004521365
0.005477828,0.000343796,0.346769247,0.028157057,0.012502121,0.021728664,0.578091435,0.006929851
0.020649799,0.001311147,0.351452046,0.091540917,0.052889017,0.082312721,0.37382757,0.026016782
0.011132583,0.000777036,0.309503709,0.046719201,0.025651578,0.040958376,0.55144534,0.013812177
0.020129546,0.001426499,0.326827367,0.078309309,0.050184188,0.073879718,0.42417884,0.025064533
0.016943913,0.001188685,0.330279305,0.068962818,0.04185818,0.063671984,0.455818783,0.021276332
0.00974477,0.000617828,0.357557702,0.044776146,0.022818919,0.03754833,0.515075896,0.011860409
0.028854618,0.002175572,0.299321539,0.102847042,0.074618009,0.102890375,0.352632227,0.036660619
0.019480621,0.00124966,0.352698718,0.086575938,0.047008777,0.074877226,0.393581926,0.024527134
0.034111608,0.002186403,0.247953624,0.150284296,0.115872101,0.166332421,0.233812908,0.049446639
0.017868014,0.001144386,0.363598869,0.083075653,0.041120788,0.067532167,0.402729665,0.022930459
0.013998067,0.000994606,0.32304825,0.059771531,0.033641775,0.053273068,0.497089242,0.01818346
0.016981905,0.001145325,0.337790337,0.105336284,0.058151524,0.105519274,0.347812352,0.027262999
0.022952252,0.001206554,0.356119522,0.198108892,0.045238955,0.091538361,0.25383435,0.031001114
0.010584624,0.000682976,0.39411867,0.064167212,0.024157272,0.045739185,0.445671157,0.014878903
0.020603563,0.001335001,0.263702165,0.185370272,0.079758053,0.180496124,0.229177827,0.039556995
0.022232381,0.001453149,0.281515914,0.143545937,0.085608573,0.164325286,0.264103561,0.037215199
0.122710089,0.002338129,0.223686303,0.255320761,0.067603885,0.112930186,0.163385368,0.052025278
0.409909859,0.003225209,0.115642792,0.156780589,0.066347483,0.092939455,0.095487237,0.059667377
0.030319739,0.001049076,0.439447915,0.164873349,0.035666201,0.067742431,0.23678672,0.024114568
0.011466011,0.000517258,0.594386545,0.057298549,0.015630169,0.028583954,0.281531268,0.010586247
0.007480222,0.000338,0.661293827,0.037165034,0.010870691,0.019934133,0.255929737,0.006988356
0.023750233,0.000953911,0.477647919,0.097425217,0.029395094,0.052419264,0.299036317,0.019372045
0.069179667,0.002026509,0.277328478,0.227146858,0.064419544,0.112844226,0.201094942,0.045959776
0.243859923,0.003306544,0.150229217,0.211256987,0.081733382,0.119506003,0.120993761,0.069114183
0.091881751,0.002058471,0.24388215,0.26490237,0.064649989,0.112318456,0.172071153,0.048235658
0.026967498,0.001018391,0.449060949,0.144604722,0.035852279,0.067665281,0.251512317,0.023318563
0.38229073,0.003121407,0.100578711,0.190790451,0.071269812,0.099638335,0.081749378,0.070561176
0.045164305,0.001402997,0.295766141,0.293671148,0.049322051,0.095037478,0.183641854,0.035994025
0.058716958,0.001593649,0.214285776,0.361509343,0.059821063,0.115682925,0.144279335,0.044110951
0.024297752,0.000944484,0.419390326,0.202172388,0.036103136,0.073789549,0.219421594,0.023880772
0.010397075,0.000536583,0.508304758,0.044935503,0.015430058,0.026314956,0.383999034,0.010082032
0.004157499,0.000227426,0.43197985,0.017788241,0.006396224,0.01098352,0.524308202,0.004159038
0.006827495,0.000324107,0.640766839,0.032645018,0.009902762,0.017703039,0.285367353,0.006463387
0.010981297,0.000510218,0.575377759,0.053893322,0.015424259,0.028164795,0.305201251,0.010447098
0.04016765,0.001324736,0.395055391,0.161301788,0.045674951,0.080261875,0.247333408,0.028880201
0.138774235,0.002599052,0.173125139,0.296870324,0.073026947,0.12131621,0.130687935,0.063600158
0.111039484,0.002938823,0.185943268,0.276207023,0.080448712,0.130328285,0.144657438,0.068436967
0.120033943,0.002510833,0.193141882,0.288843476,0.070022733,0.119998175,0.145103145,0.060345813
0.104403536,0.002532589,0.195081613,0.312493773,0.065880374,0.112655457,0.146380987,0.060571671
0.753354516,0.002676435,0.037869511,0.058431641,0.03462049,0.041313264,0.033011107,0.038723036
0.638352781,0.0057336,0.056049205,0.077352331,0.053265711,0.06008135,0.050218961,0.058946061
0.758943853,0.002163808,0.039920661,0.057482489,0.033222478,0.040651143,0.034558942,0.033056626
0.584212985,0.007168005,0.063615883,0.085994894,0.063443721,0.069761453,0.05737216,0.068430899
0.536019481,0.009493555,0.070885961,0.095106977,0.06908189,0.076496233,0.06430042,0.078615483
0.843776797,0.001882974,0.023704457,0.035419533,0.022819682,0.026489115,0.020836939,0.025070503
0.236781246,0.002904291,0.146901488,0.246137035,0.072938027,0.113420406,0.114713892,0.066203615
0.350102322,0.002883656,0.117183979,0.196396119,0.070292141,0.103991665,0.094184304,0.064965813
0.820865688,0.001555095,0.026777637,0.045621567,0.024415752,0.030444664,0.022895761,0.027423835
0.871813654,0.001083345,0.019042302,0.033078353,0.017492933,0.0217125,0.016230402,0.01954651
0.52371473,0.00816429,0.071379562,0.101527681,0.070339417,0.078994329,0.064136835,0.081743156
0.67218426,0.003698942,0.047890748,0.07931928,0.04529522,0.054619339,0.041670999,0.055321213
0.226624466,0.003034098,0.172840367,0.212906876,0.073896303,0.112533178,0.136906183,0.061258529
0.179491027,0.002621737,0.170384375,0.25507328,0.076308968,0.123326669,0.130796868,0.061997076
0.651012945,0.004803958,0.051348803,0.076416922,0.052277634,0.059629332,0.045545331,0.058965075
0.812111263,0.002166749,0.02772139,0.042663789,0.028113244,0.032407615,0.024325731,0.030490219
0.220881459,0.002744992,0.15841925,0.240507801,0.074861416,0.117008352,0.122961006,0.062615724
0.554828652,0.002502316,0.072770921,0.123753882,0.056527662,0.076353999,0.060120164,0.053142402
0.364434635,0.009801758,0.100327477,0.128466526,0.09669759,0.108458232,0.091364913,0.10044887
0.470902245,0.004549576,0.084676738,0.120700625,0.078582167,0.0935836,0.07384099,0.073164059
0.062879108,0.004556889,0.193059147,0.154244742,0.157287112,0.166920305,0.186221627,0.07483107
0.063171204,0.003979556,0.171616716,0.158549779,0.181163032,0.1861556,0.159295948,0.076068164
0.079327218,0.006183792,0.1962535,0.153599095,0.137771005,0.15132944,0.192344098,0.083191851
0.041503344,0.00264302,0.239799011,0.161075977,0.114606633,0.158763034,0.225577,0.056031981
0.115422876,0.02206886,0.139697013,0.140590711,0.165207597,0.15133001,0.137890739,0.127792194
0.070399891,0.005183691,0.173023379,0.156819781,0.167761407,0.175685814,0.165850705,0.085275333
0.101204237,0.014772636,0.135427474,0.141850659,0.187794184,0.162229514,0.132307587,0.124413708
0.039612824,0.003492696,0.088685154,0.127785316,0.30415442,0.254522909,0.083213001,0.098533681
0.031640693,0.002106027,0.226320342,0.149124347,0.129433695,0.197289821,0.215803665,0.048281409
0.031937473,0.002534512,0.123675842,0.140567874,0.225041209,0.287937382,0.117439225,0.070866484
0.023121013,0.001596956,0.089516163,0.137495117,0.223695446,0.385786412,0.080215497,0.058573396
0.027391192,0.001720457,0.16132309,0.184407645,0.148672891,0.281809085,0.14150844,0.053167201
0.048992827,0.003705974,0.096248581,0.151136842,0.236839346,0.264274416,0.0883881,0.110413913
0.055287654,0.005135675,0.113319052,0.148929055,0.224850366,0.232520769,0.107686215,0.112271214
0.021948724,0.001580908,0.077236675,0.150528913,0.181550385,0.425242382,0.069103104,0.072808909
0.021782875,0.001586487,0.077380043,0.139646124,0.195833599,0.42189519,0.069902128,0.071973554
0.040348591,0.004670591,0.061128901,0.102500924,0.348228399,0.209779755,0.057303297,0.176039541
0.048919381,0.006540836,0.074890749,0.118568503,0.266871203,0.199800443,0.070746584,0.2136623
0.068306294,0.016729551,0.091932994,0.124367094,0.216204139,0.175302864,0.089200384,0.217956679
0.112422898,0.190362529,0.110129172,0.114559804,0.121470085,0.118265346,0.109725049,0.123065117
0.032517277,0.002154835,0.05529389,0.107642739,0.39833853,0.264420248,0.049519969,0.090112511
0.031252036,0.002618982,0.084715415,0.121823564,0.301515952,0.295450589,0.079449492,0.08317397
0.024128984,0.001397973,0.076513933,0.143953629,0.221149213,0.410104352,0.066157208,0.056594709
0.026967754,0.00201904,0.075699869,0.130003643,0.259201118,0.356922861,0.068952348,0.080233368
0.041429653,0.006187957,0.05786363,0.100254183,0.285804403,0.179896856,0.054449726,0.274113592
0.058912983,0.010285311,0.080574443,0.117403537,0.270028077,0.193345475,0.077309642,0.192140534
0.02797414,0.002615001,0.073942452,0.11340861,0.321233846,0.29487532,0.069649254,0.096301376
0.025160393,0.001925033,0.076967127,0.155124696,0.214756026,0.351775748,0.069287617,0.10500336
0.018108492,0.001278431,0.082370868,0.157630561,0.160594133,0.447969284,0.07278564,0.059262591
0.029035089,0.002082856,0.062248704,0.131905671,0.264117124,0.350441219,0.055856915,0.10431242
0.021059727,0.001288001,0.061561248,0.157415846,0.170862448,0.468588077,0.05304921,0.066175443
0.057657834,0.007879628,0.07392326,0.117890647,0.256230045,0.194234508,0.069715977,0.222468103
0.023040029,0.001493266,0.172843499,0.208039118,0.106594013,0.28591887,0.151715964,0.050355243
0.024552503,0.001693011,0.114311715,0.192675504,0.141046155,0.354023868,0.101615178,0.070082066
0.055905321,0.010248359,0.079703443,0.120822495,0.219799261,0.182304757,0.076351514,0.25486485
0.062920075,0.01438946,0.072589925,0.115916679,0.19359606,0.15946764,0.068904413,0.31221575
0.0224124,0.001471579,0.079753759,0.262815279,0.127082902,0.352002288,0.068242174,0.08621962
0.017033769,0.001034483,0.087763349,0.219347672,0.112159186,0.442145898,0.073368051,0.047147591
0.016222844,0.001136564,0.063469809,0.130344283,0.176318321,0.502087487,0.056348487,0.054072205
0.02119912,0.001154798,0.161222837,0.284725728,0.086320805,0.274762267,0.126994668,0.043619777
0.023563492,0.001214489,0.045913607,0.168281014,0.188139169,0.450040931,0.038717768,0.08412953
0.01450603,0.000698603,0.045980422,0.288931843,0.082846102,0.486888196,0.03667915,0.043469655
0.022575042,0.001559174,0.050337327,0.179863854,0.166038966,0.365927369,0.043777737,0.169920531
0.019876593,0.001530806,0.030637008,0.086235143,0.332806546,0.23794957,0.027146702,0.263817632
0.024305954,0.001927304,0.051690614,0.105012493,0.357884896,0.314376454,0.046744349,0.098057935
0.024859033,0.002084443,0.045407477,0.099418515,0.378827516,0.276134173,0.041066609,0.132202234
0.030903336,0.001650523,0.238173967,0.241013234,0.084491858,0.164436623,0.191559656,0.047770805
0.027326074,0.001139684,0.31284288,0.252415719,0.056340195,0.119714317,0.198726577,0.031494555
0.078773447,0.002694052,0.083354773,0.212824286,0.212917427,0.229825364,0.069896649,0.109714002
0.051863564,0.002009573,0.085131624,0.361324519,0.121788456,0.208809701,0.068877435,0.100195128
0.315453273,0.003047214,0.099542817,0.211255976,0.082681626,0.122143402,0.081266963,0.084608729
0.069772932,0.001644362,0.186231281,0.385452879,0.060681398,0.119626989,0.129078567,0.047511591
0.380178028,0.004854059,0.075331066,0.164882669,0.08417773,0.106036324,0.064338048,0.120202076
0.086835053,0.001816589,0.121404432,0.426142483,0.073620717,0.137679569,0.090480823,0.062020334
0.450455575,0.003342874,0.078234369,0.162013055,0.068345839,0.092741236,0.065174098,0.079692955
0.241720522,0.004597117,0.076235494,0.206237369,0.105184923,0.131975212,0.064452451,0.169596913
0.066228028,0.001825757,0.103171198,0.468607414,0.07441678,0.138290592,0.078688994,0.068771237
0.09652973,0.002210126,0.11627932,0.418855039,0.073035679,0.130182973,0.089087616,0.073819517
0.084516706,0.001741571,0.137533407,0.422117259,0.067515487,0.130363727,0.099875769,0.056336073
0.068309359,0.001551906,0.111513451,0.4930268,0.062494268,0.125339839,0.08176086,0.056003518
0.02688063,0.000855867,0.103639762,0.636959183,0.038931152,0.090914941,0.070791093,0.031027372
0.072432114,0.001875027,0.077610513,0.449199548,0.082670769,0.158420422,0.061258396,0.096533212
0.069781114,0.001525268,0.086275571,0.518025258,0.065570495,0.128892125,0.06516643,0.06476374
0.038821707,0.001178939,0.113007755,0.547549882,0.054033776,0.122016955,0.080472948,0.042918036
0.306705083,0.008924249,0.086885509,0.139210875,0.117459243,0.124261715,0.077879383,0.138673943
0.020554648,0.001159871,0.104121257,0.368856529,0.086932181,0.281667659,0.083855745,0.05285211
0.022571526,0.001228009,0.125908065,0.360736887,0.082400503,0.253838471,0.100341713,0.052974825
0.049551685,0.002225171,0.070335097,0.346932488,0.099973745,0.187341588,0.058351973,0.185288253
0.069140788,0.004758519,0.053448793,0.13415127,0.111571583,0.128295639,0.047387932,0.451245476
0.025420561,0.001189309,0.114954993,0.531963467,0.055489084,0.135867914,0.086904336,0.048210336
0.02895591,0.00133077,0.071026332,0.520032062,0.071520522,0.168826384,0.056581918,0.081726102
0.028729636,0.001341891,0.073782565,0.5133479,0.071773567,0.17211071,0.058848106,0.080065624
0.040425516,0.002559707,0.121637787,0.325330514,0.101578705,0.192790876,0.104004777,0.111672118
0.009208299,0.000558729,0.415697811,0.048547981,0.016520944,0.030077567,0.468258155,0.011130514
0.025034472,0.00099827,0.301440064,0.332461428,0.042280381,0.09401062,0.175016832,0.028757933
0.021673266,0.000775613,0.080333173,0.679489145,0.037772888,0.091297262,0.057373188,0.031285465
0.037945752,0.001100254,0.098311276,0.506826213,0.072222974,0.168212419,0.071234656,0.044146456
