C1,C2,C3,C4,C5,C6,C7,C8,C9
0.1291175,0.15440229,0.129117475,0.129115719,0.10041792,0.080912081,0.10041792,0.109108223,0.067390872
0.131312341,0.163216473,0.131312315,0.131310448,0.098692228,0.069024575,0.098692228,0.105034524,0.071404869
0.121237783,0.083331053,0.121237744,0.121234926,0.089951776,0.247965696,0.089951776,0.063606111,0.061483134
0.102063805,0.049231483,0.102063853,0.102067342,0.167975256,0.045228126,0.167975256,0.047397615,0.215997265
0.099675372,0.050643101,0.099675422,0.099679052,0.176400557,0.045873609,0.176400557,0.049103239,0.202549091
0.116909309,0.092224675,0.116909346,0.116912095,0.133272505,0.037826114,0.133272505,0.09444571,0.158227741
0.117301407,0.083413118,0.11730145,0.117304555,0.156101655,0.080655496,0.156101655,0.074376099,0.097444567
0.096712578,0.101960286,0.096712626,0.096716099,0.157623722,0.052395445,0.157623722,0.104169166,0.136086357
0.086032902,0.050226771,0.086032943,0.086035898,0.138520228,0.034111368,0.138520228,0.048725637,0.331794026
0.105016893,0.051029026,0.105016939,0.105020329,0.170641166,0.048349843,0.170641166,0.04902081,0.195263827
0.121734067,0.060530447,0.121734108,0.121737097,0.15600665,0.049866556,0.15600665,0.058356887,0.154027537
0.058703644,0.034921284,0.058703632,0.058702816,0.049667444,0.626815285,0.049667444,0.026007588,0.036810863
0.081589174,0.175686307,0.081589214,0.081592147,0.116561217,0.028075546,0.116561217,0.217279479,0.101065698
0.067115733,0.047369687,0.067115733,0.067115695,0.065847527,0.53239569,0.065847527,0.036382208,0.050810199
0.116974774,0.050064425,0.116974826,0.116978617,0.156519764,0.031019792,0.156519764,0.049778354,0.205169684
0.109747892,0.05304558,0.109747937,0.109751158,0.168591019,0.055149265,0.168591019,0.053003157,0.172372973
0.065991682,0.044811308,0.065991718,0.065994285,0.113832897,0.026499169,0.113832897,0.042511893,0.460534152
0.09778465,0.087680485,0.097784699,0.097788269,0.167245396,0.05687361,0.167245396,0.087446443,0.140151053
0.111698643,0.059584484,0.111698603,0.111695681,0.081992835,0.341540271,0.081992835,0.043435264,0.056361385
0.112387876,0.086403223,0.112387916,0.112390821,0.156850888,0.085380925,0.156850888,0.078620001,0.098727463
0.159062795,0.069474015,0.159062782,0.159061854,0.121103827,0.035990135,0.121103827,0.068439483,0.106701282
0.115771565,0.080250719,0.115771535,0.115769394,0.090505862,0.267214357,0.090505862,0.059836143,0.064374562
0.075044087,0.445815905,0.075044079,0.075043508,0.055193037,0.02884081,0.055193037,0.155770429,0.034055109
0.15681409,0.084812836,0.156814063,0.156812128,0.11222751,0.040167357,0.11222751,0.085063808,0.095060698
0.184025753,0.055925764,0.184025636,0.184017144,0.104674411,0.066744636,0.104674411,0.04709225,0.068819994
0.023699254,0.013836958,0.023699251,0.023698975,0.020461557,0.849127135,0.020461557,0.010469354,0.014545959
0.161417966,0.071058532,0.161417948,0.161416636,0.127163683,0.055631359,0.127163683,0.065929028,0.068801165
0.058879382,0.036983456,0.058879381,0.058879307,0.057594079,0.600017894,0.057594079,0.028895963,0.042276459
0.136719801,0.080733924,0.136719824,0.136721434,0.143765143,0.069351371,0.143765143,0.072340397,0.079882964
0.078890932,0.199145462,0.078890956,0.078892689,0.087998332,0.026202482,0.087998332,0.279589281,0.082391534
0.087702456,0.052775054,0.087702502,0.087705816,0.153884518,0.036934077,0.153884518,0.051732666,0.287678394
0.067133104,0.045256662,0.067133137,0.067135586,0.108827245,0.02564817,0.108827245,0.042651897,0.467386954
0.126215342,0.174354092,0.126215298,0.1262121,0.086594486,0.101674772,0.086594486,0.113157286,0.058982139
0.117434572,0.078067443,0.117434615,0.117437748,0.163547853,0.07435623,0.163547853,0.069213842,0.098959844
0.161067076,0.074317901,0.161067073,0.161066865,0.127776115,0.036520474,0.127776115,0.072297892,0.078110489
0.094443997,0.094166123,0.094444044,0.094447461,0.15902564,0.051133916,0.15902564,0.094157947,0.15915523
0.058209431,0.181737272,0.058209449,0.058210742,0.063934237,0.018702145,0.063934237,0.447932105,0.049130382
0.035590094,0.023005369,0.03559009,0.035589784,0.031584855,0.767956529,0.031584855,0.016666191,0.022432233
0.088124339,0.053429212,0.08812438,0.08812736,0.14043488,0.035048918,0.14043488,0.051411866,0.314864164
0.076380187,0.28860297,0.076380207,0.076381674,0.081352317,0.028557717,0.081352317,0.220769763,0.070222848
0.131280146,0.101359101,0.131280098,0.131276574,0.092660691,0.18114551,0.092660691,0.075734271,0.062602917
0.116759304,0.061763494,0.11675934,0.116761923,0.156881892,0.070310073,0.156881892,0.061187061,0.142695021
0.13017969,0.157822613,0.130179645,0.130176357,0.088711426,0.106569492,0.088711426,0.112710969,0.054938383
0.174434662,0.060464312,0.174434578,0.17442847,0.109702659,0.061820922,0.109702659,0.05406912,0.080942617
0.052189746,0.033617532,0.052189744,0.052189625,0.05040082,0.646349882,0.05040082,0.025892819,0.036769011
0.131684792,0.088916153,0.13168475,0.131681706,0.097121926,0.181196046,0.097121926,0.068854789,0.071737912
0.055489309,0.165658428,0.055489313,0.055489615,0.047705267,0.016040994,0.047705267,0.522380137,0.03404167
0.126689644,0.088951636,0.126689613,0.126687329,0.098168726,0.194511286,0.098168726,0.068433244,0.071699795
0.079582152,0.356786304,0.079582155,0.07958243,0.069535397,0.034502493,0.069535397,0.176273083,0.05462059
0.143228658,0.164996047,0.143228601,0.143224493,0.087558059,0.043324538,0.087558059,0.132494602,0.054386942
0.099151788,0.098411267,0.099151832,0.09915497,0.154252341,0.057103898,0.154252341,0.097198391,0.141323173
0.104560633,0.047440054,0.104560679,0.104564025,0.159961574,0.039015068,0.159961574,0.04696017,0.232976223
0.10195147,0.04817603,0.101951522,0.101955279,0.16848446,0.037357692,0.16848446,0.047410579,0.224228509
0.152546214,0.072278179,0.15254623,0.15254738,0.141724812,0.048674362,0.141724812,0.067623408,0.070334603
0.059017375,0.173325462,0.059017392,0.059018613,0.060966898,0.01630279,0.060966898,0.465881641,0.045502929
0.043041818,0.137977831,0.043041827,0.043042488,0.041501568,0.012077179,0.041501568,0.606288173,0.031527546
0.121546356,0.098894042,0.121546387,0.121548623,0.128260997,0.038616355,0.128260997,0.102877545,0.138448697
0.166586173,0.056695662,0.166586123,0.166582508,0.11794582,0.076642539,0.11794582,0.049384042,0.081631311
0.052480999,0.034261064,0.052480996,0.052480807,0.049070858,0.649202945,0.049070858,0.025356508,0.035594965
0.137030373,0.084060738,0.137030331,0.137027244,0.101268378,0.160797163,0.101268378,0.065117168,0.076400228
0.092452169,0.071736311,0.092452172,0.09245233,0.093743942,0.327321017,0.093743942,0.056594294,0.079503823
0.133723554,0.164635544,0.133723516,0.133720815,0.094913152,0.071236017,0.094913152,0.111859033,0.061275218
0.186878397,0.055980426,0.186878281,0.186869836,0.105421203,0.058490376,0.105421203,0.048252281,0.065807997
0.075961378,0.184204447,0.075961405,0.075963377,0.088110154,0.023376052,0.088110154,0.307669926,0.080643109
0.117931194,0.068397708,0.117931236,0.117934301,0.168498818,0.061524084,0.168498818,0.067507538,0.111776304
0.100515335,0.050063109,0.100515383,0.100518859,0.170609658,0.045680579,0.170609658,0.0485443,0.212943119
0.119323962,0.158529258,0.119323965,0.119324239,0.101887955,0.039774426,0.101887955,0.157050784,0.082897456
0.032208705,0.020311282,0.032208699,0.032208299,0.027583146,0.79341099,0.027583146,0.015033743,0.01945199
0.08904383,0.073497868,0.089043878,0.089047369,0.160721212,0.040327691,0.160721212,0.073429937,0.224167003
0.083796526,0.061724639,0.083796568,0.083799638,0.141874106,0.036089031,0.141874106,0.061502284,0.305543103
0.131165376,0.1496337,0.131165353,0.131163693,0.101307472,0.08070131,0.101307472,0.100303959,0.073251663
0.082699592,0.057488248,0.082699642,0.082703228,0.15560176,0.031276265,0.15560176,0.057346034,0.29458347
0.079241964,0.191419844,0.07924198,0.079243114,0.075143105,0.021263399,0.075143105,0.340125802,0.059177688
0.087287503,0.150021519,0.087287532,0.087289609,0.100938811,0.030160515,0.100938811,0.279991107,0.076084593
0.071440079,0.051960509,0.071440122,0.071443267,0.135869652,0.030283449,0.135869652,0.048520281,0.383172989
0.118687814,0.051994204,0.118687859,0.118691122,0.172276875,0.049100159,0.172276875,0.051425228,0.146859865
0.129674889,0.139902892,0.129674845,0.129671652,0.09077803,0.131320121,0.09077803,0.098869212,0.059330329
0.140289507,0.178297262,0.140289435,0.140284175,0.082254294,0.062671347,0.082254294,0.124117516,0.04954217
0.037066706,0.024228687,0.037066701,0.03706639,0.033429721,0.754078026,0.033429721,0.018385888,0.02524816
0.12668337,0.09661072,0.126683333,0.126680604,0.094057923,0.197000819,0.094057923,0.073767244,0.064458064
0.156224208,0.085256477,0.156224112,0.156217209,0.094937895,0.133293444,0.094937895,0.063058927,0.059849832
0.158331329,0.08543665,0.158331239,0.158324715,0.098827659,0.114359513,0.098827659,0.065537158,0.062024078
0.12170522,0.050725227,0.121705273,0.121709142,0.186096324,0.045634912,0.186096324,0.050426281,0.115901298
0.127243352,0.083061069,0.127243387,0.127245937,0.135416015,0.038261897,0.135416015,0.084142989,0.141969338
0.123991994,0.055371773,0.123992044,0.123995654,0.151333807,0.029918798,0.151333807,0.057156821,0.182905301
0.062969244,0.160029735,0.062969259,0.062970348,0.063660561,0.018369411,0.063660561,0.455725626,0.049645254
0.065151324,0.187566285,0.065151327,0.065151556,0.055804218,0.021679328,0.055804218,0.444771521,0.038920222
0.140249759,0.074925311,0.140249687,0.14024445,0.09178822,0.207571585,0.09178822,0.054802268,0.058380499
0.144844882,0.149651443,0.144844819,0.144840272,0.091593893,0.063524442,0.091593893,0.111625254,0.057481102
0.026158979,0.016829108,0.026158976,0.026158749,0.023290704,0.829045677,0.023290704,0.01250513,0.016561974
0.118813085,0.062431644,0.118813129,0.118816261,0.170045876,0.054997936,0.170045876,0.06207738,0.123958812
0.064825384,0.429330649,0.064825382,0.06482518,0.049671376,0.022427455,0.049671376,0.222991515,0.031431684
0.070182041,0.044741447,0.07018208,0.070184964,0.123719853,0.028138403,0.123719853,0.041639898,0.427491461
0.127315628,0.136189924,0.127315631,0.127315874,0.10831713,0.040427825,0.10831713,0.129717356,0.095083503
0.104540042,0.164312289,0.104540039,0.104539825,0.083395183,0.031199799,0.083395183,0.270635827,0.053441813
0.094777642,0.054972981,0.094777685,0.094780769,0.149656863,0.040051313,0.149656863,0.0535516,0.267774284
0.055427225,0.034420861,0.055427211,0.055426206,0.044496758,0.654359656,0.044496758,0.024988841,0.030956485
0.134980756,0.152009894,0.134980731,0.134978907,0.10078074,0.057738253,0.10078074,0.114648523,0.069101455
0.146075782,0.103810682,0.146075778,0.146075472,0.117881598,0.042969391,0.117881598,0.117836191,0.061393507
0.132394751,0.094256088,0.132394759,0.132395323,0.124842136,0.056033892,0.124842136,0.076283584,0.126557331
0.186168798,0.058340741,0.186168684,0.186160396,0.103911823,0.052982868,0.103911823,0.050354164,0.072000702
0.072275938,0.427158868,0.072275936,0.072275778,0.056784474,0.026236679,0.056784474,0.17625493,0.039952922
0.118818798,0.085563098,0.118818841,0.118821907,0.157294906,0.077477328,0.157294906,0.076231544,0.089678672
0.079835886,0.181930092,0.079835914,0.079837964,0.09348102,0.0272749,0.09348102,0.283347782,0.080975422
0.059631714,0.52598944,0.059631716,0.059631849,0.047894805,0.020301132,0.047894805,0.149424983,0.029599557
0.097919986,0.047264108,0.097920036,0.097923667,0.173574842,0.042235206,0.173574842,0.045603624,0.223983687
0.085508442,0.050028907,0.085508485,0.085511624,0.133497234,0.027113627,0.133497234,0.050976243,0.348358205
0.074126883,0.177833131,0.074126901,0.074128191,0.073320477,0.019615145,0.073320477,0.375028577,0.058500217
0.092392658,0.068271379,0.092392704,0.092396022,0.144433896,0.033888731,0.144433896,0.069873094,0.261917619
0.131660053,0.093857143,0.131660079,0.131662012,0.128471709,0.039066654,0.128471709,0.099115135,0.116035507
0.124597259,0.090517806,0.12459729,0.124599521,0.131227097,0.039939499,0.131227097,0.093634338,0.139660093
0.064289413,0.044038069,0.064289448,0.06429199,0.111724062,0.025859821,0.111724062,0.041415215,0.47236792
0.096000796,0.309490248,0.096000808,0.09600165,0.08820885,0.038284305,0.08820885,0.129464261,0.058340231
0.066773454,0.417728823,0.066773462,0.066774061,0.060013413,0.025110408,0.060013413,0.194103483,0.042709482
0.073079684,0.433953561,0.073079677,0.073079178,0.05388869,0.025601931,0.05388869,0.178320496,0.035108093
0.052996334,0.445166418,0.052996337,0.052996592,0.043421126,0.015257219,0.043421126,0.263634549,0.030110298
0.124843313,0.180949662,0.124843275,0.124840513,0.088169864,0.096416812,0.088169864,0.111541165,0.060225531
0.080226357,0.041224838,0.080226404,0.080229811,0.142174223,0.027574645,0.142174223,0.040216736,0.365952763
0.143238851,0.162884085,0.143238793,0.143234577,0.090266042,0.055562448,0.090266042,0.113445589,0.057863575
0.072482263,0.163987437,0.072482272,0.072482971,0.067061387,0.022842082,0.067061387,0.414748988,0.046851213
0.148662003,0.089672525,0.148661993,0.148661254,0.115954228,0.036001038,0.115954228,0.098536277,0.097896454
0.173086846,0.065481798,0.17308678,0.173081973,0.112907166,0.046763277,0.112907166,0.064467977,0.078217017
0.147164546,0.059358286,0.147164576,0.147166787,0.146589845,0.035547358,0.146589845,0.062910078,0.107508679
0.089672342,0.056110995,0.089672382,0.089675268,0.127041195,0.031381645,0.127041195,0.050832796,0.338572182
0.152051328,0.086492227,0.152051249,0.15204553,0.097816517,0.136968001,0.097816517,0.06489361,0.059865022
0.059233666,0.211931744,0.059233679,0.059234687,0.060241047,0.018810451,0.060241047,0.421128491,0.049945187
0.121803858,0.15724468,0.121803827,0.121801513,0.090243667,0.125188097,0.090243667,0.11098772,0.060682972
0.121848762,0.071962577,0.121848796,0.121851267,0.151390696,0.111778841,0.151390696,0.061017773,0.086910592
0.0317859,0.020519422,0.031785895,0.031785512,0.027305282,0.794917901,0.027305282,0.015142035,0.019452771
0.054531005,0.29747082,0.05453101,0.054531362,0.047036446,0.017287375,0.047036446,0.393822613,0.033752923
0.16000157,0.049428072,0.160001577,0.160002076,0.142714639,0.047807284,0.142714639,0.047736862,0.08959328
0.073833343,0.047586133,0.073833382,0.073836213,0.119143339,0.026103695,0.119143339,0.044916185,0.421604373
0.153934807,0.115513745,0.153934735,0.15392958,0.097896278,0.082156124,0.097896278,0.084803494,0.05993496
0.073076495,0.197443753,0.073076515,0.073078008,0.076781614,0.023067674,0.076781614,0.34505531,0.061639017
0.113134593,0.061408409,0.11313465,0.113138713,0.181900368,0.071495147,0.181900368,0.055791863,0.108095888
0.098597557,0.087807883,0.098597606,0.09860113,0.167006581,0.056872287,0.167006581,0.08819079,0.137319586
0.126500431,0.06391636,0.126500479,0.126503954,0.171796952,0.071372252,0.171796952,0.056361795,0.085250825
0.082393964,0.060514179,0.082393967,0.082394173,0.083952229,0.40994418,0.083952229,0.047056253,0.067398827
0.107115253,0.069473074,0.107115292,0.107118111,0.143371283,0.039926927,0.143371283,0.070889634,0.211619144
0.089541027,0.146098086,0.089541074,0.089544479,0.134507706,0.029878295,0.134507706,0.18933496,0.097046666
0.08499238,0.053011444,0.084992354,0.084990457,0.064885054,0.480424447,0.064885054,0.038139005,0.043679805
0.097641541,0.068708365,0.097641603,0.097646074,0.18992894,0.034967257,0.18992894,0.067054079,0.156483201
0.072499633,0.195593747,0.072499649,0.072500797,0.072362269,0.022156311,0.072362269,0.359501476,0.060523848
0.166295437,0.095090898,0.16629534,0.166288279,0.099248928,0.067961043,0.099248928,0.076242614,0.063328533
0.129960601,0.126276754,0.12996059,0.129959743,0.109807365,0.086810915,0.109807365,0.093243505,0.084173162
0.065300057,0.175417939,0.065300062,0.065300393,0.056804455,0.021079233,0.056804455,0.453455006,0.0405384
0.092685769,0.127152892,0.092685819,0.092689419,0.148053885,0.033745125,0.148053885,0.151431703,0.113501502
0.091969314,0.082057096,0.091969359,0.0919726,0.150516599,0.05260983,0.150516599,0.082067649,0.206320953
0.120240759,0.082914734,0.120240793,0.1202433,0.152972307,0.088387889,0.152972307,0.073344614,0.088683299
0.114018416,0.057400406,0.114018475,0.114022763,0.187741846,0.061097198,0.187741846,0.053058495,0.110900556
0.086167128,0.061509771,0.086167133,0.086167496,0.090081854,0.379790671,0.090081854,0.048938098,0.071095996
0.091362925,0.143298272,0.091362963,0.09136572,0.126185055,0.040507758,0.126185055,0.146588676,0.143143574
0.078101594,0.166146735,0.078101619,0.078103472,0.089088096,0.026518865,0.089088096,0.32512133,0.069730193
0.140003122,0.067910767,0.14000314,0.140004444,0.13209185,0.037507316,0.13209185,0.06629837,0.14408914
0.079361636,0.179287982,0.079361641,0.079362016,0.064439925,0.019541887,0.064439925,0.391958919,0.042246069
0.124855782,0.202432242,0.124855761,0.124854266,0.087090832,0.034786541,0.087090832,0.155640066,0.058393678
0.071030175,0.182742414,0.071030176,0.071030265,0.056952114,0.019469698,0.056952114,0.432026786,0.038766258
0.114572928,0.084651345,0.114572975,0.114576414,0.162846724,0.080096642,0.162846724,0.071676465,0.094159782
0.122062565,0.163350692,0.122062538,0.122060564,0.092349525,0.114098697,0.092349525,0.108331775,0.063334119
0.087475664,0.096661115,0.087475712,0.087479182,0.153654068,0.041640066,0.153654068,0.095692113,0.196268011
0.116394642,0.058229859,0.116394689,0.116398066,0.155639883,0.036757009,0.155639883,0.060165502,0.184380469
0.104213031,0.048350951,0.104213083,0.104216836,0.154371851,0.030623024,0.154371851,0.048430662,0.251208711
0.089975612,0.048837102,0.089975658,0.089979013,0.154109712,0.036113214,0.154109712,0.04839433,0.288505647
0.16342177,0.088002414,0.163421663,0.163413912,0.095740436,0.103380327,0.095740436,0.06698418,0.059894861
0.064136602,0.183755391,0.064136624,0.064138253,0.075937692,0.021897276,0.075937692,0.387588356,0.062472113
0.110074675,0.062311245,0.110074732,0.110078921,0.184899054,0.065595258,0.184899054,0.056721558,0.115345503
0.095971641,0.100674057,0.095971687,0.095975037,0.157830324,0.04905275,0.157830324,0.101306177,0.145388002
0.10249391,0.084392375,0.102493964,0.102497885,0.173792015,0.04110886,0.173792015,0.084173829,0.135255147
0.163325722,0.085303831,0.16332562,0.163318263,0.097897147,0.103381922,0.097897147,0.064987133,0.060563215
0.085564972,0.046884874,0.085565015,0.085568161,0.146958457,0.033670575,0.146958457,0.045186033,0.323643456
0.072633086,0.04502611,0.072633125,0.072635976,0.129711034,0.02927226,0.129711034,0.0437423,0.404635074
0.059761059,0.186603409,0.059761066,0.059761605,0.053751071,0.018020095,0.053751071,0.470699924,0.037890701
0.140957303,0.057279729,0.14095732,0.140958538,0.137841775,0.061991382,0.137841775,0.046513071,0.135659107
0.165923401,0.050608822,0.165923381,0.165921896,0.126915385,0.055866584,0.126915385,0.042317472,0.099607675
0.133764384,0.154948216,0.133764339,0.133761033,0.093120284,0.091420876,0.093120284,0.102413298,0.063687286
0.119553767,0.163309808,0.119553737,0.119551576,0.089299269,0.132981366,0.089299269,0.107001675,0.059449533
0.054981751,0.034000534,0.054981783,0.054984136,0.103221487,0.020817817,0.103221487,0.032914625,0.54087638
0.090919789,0.09691975,0.090919837,0.09092332,0.157783558,0.044389971,0.157783558,0.095429141,0.174931076
0.125671498,0.175643064,0.125671457,0.125668541,0.087318346,0.101790754,0.087318346,0.114093417,0.056824577
0.062778787,0.0331335,0.062778776,0.062778015,0.053280061,0.611255932,0.053280061,0.024776297,0.035938569
0.116773362,0.049672985,0.116773416,0.116777354,0.187349001,0.047446145,0.187349001,0.049532729,0.128326007
0.121993865,0.084066699,0.121993901,0.121996496,0.135129093,0.039000827,0.135129093,0.083491185,0.157198839
0.176607118,0.066018952,0.176607047,0.176601901,0.1092068,0.046767871,0.1092068,0.059802326,0.079181187
0.059009089,0.032205793,0.059009081,0.059008551,0.051929382,0.625116337,0.051929382,0.023383244,0.038409142
0.08877252,0.150859701,0.088772566,0.088775942,0.133846804,0.030981121,0.133846804,0.186256111,0.097888431
0.139283744,0.162596529,0.139283703,0.139280749,0.095592082,0.062982581,0.095592082,0.107813347,0.057575184
0.157989936,0.097107454,0.157989904,0.157987594,0.106576638,0.031879766,0.106576638,0.10867655,0.075215521
0.164202316,0.087395772,0.164202206,0.16419423,0.095099548,0.105063274,0.095099548,0.065713059,0.059030046
0.184698558,0.068236989,0.184698447,0.184690385,0.102649973,0.044213746,0.102649973,0.063824052,0.064337876
0.12690066,0.071162455,0.126900707,0.12690411,0.161495074,0.082458394,0.161495074,0.060110708,0.082572819
0.068849548,0.156283158,0.068849557,0.068850207,0.060806294,0.018339656,0.060806294,0.456780271,0.040435015
0.113907577,0.054569921,0.113907631,0.113911597,0.157433811,0.03053767,0.157433811,0.054750801,0.203547181
0.067299174,0.17236981,0.067299202,0.067301181,0.082155729,0.020265847,0.082155729,0.377408647,0.06374468
0.113881544,0.10835735,0.113881578,0.113884063,0.136103601,0.052234925,0.136103601,0.106618759,0.11893458
0.052487555,0.160192152,0.052487563,0.052488153,0.047662208,0.014887545,0.047662208,0.538607249,0.033525366
0.120691582,0.172079448,0.12069155,0.120689235,0.088516721,0.111725228,0.088516721,0.117359868,0.059729646
0.06469396,0.039982702,0.064693957,0.064693732,0.060961322,0.568553087,0.060961322,0.030846162,0.044613757
0.080473253,0.057647109,0.080473296,0.080476406,0.125269949,0.025206124,0.125269949,0.057756734,0.36742718
0.078455184,0.055364547,0.078455185,0.078455226,0.078536643,0.445986219,0.078536643,0.042906185,0.063304167
0.166757059,0.056721257,0.166757019,0.166754161,0.121290628,0.075653789,0.121290628,0.04834299,0.076432469
0.121657505,0.053385347,0.121657559,0.121661491,0.162390522,0.032848281,0.162390522,0.05367975,0.170329022
0.062489081,0.440578003,0.062489087,0.062489521,0.054855094,0.022977724,0.054855094,0.199026715,0.040239681
0.086314359,0.173817126,0.086314361,0.08631444,0.070788224,0.026507,0.070788224,0.352620313,0.046535953
0.170307877,0.08278861,0.170307811,0.170303043,0.105739081,0.036040704,0.105739081,0.084712976,0.074060817
0.090084363,0.176534415,0.090084363,0.090084407,0.068802048,0.020678114,0.068802048,0.352839928,0.042090315
0.097645641,0.057906479,0.097645685,0.097648866,0.155488161,0.043658863,0.155488161,0.058080247,0.236437897
0.145973905,0.109833576,0.145973889,0.145972691,0.115191944,0.054577763,0.115191944,0.087613922,0.079670366
0.09395958,0.086323632,0.093959626,0.093963003,0.155983803,0.055918757,0.155983803,0.086343638,0.17756416
0.040463014,0.025609007,0.040463008,0.040462641,0.036073972,0.734879172,0.036073972,0.018834055,0.027141159
0.088394434,0.225346982,0.08839446,0.088396358,0.10114606,0.035863101,0.10114606,0.175810188,0.095502358
0.128873105,0.082158966,0.128873141,0.12887574,0.136456942,0.037778458,0.136456942,0.084291392,0.136235315
0.130799582,0.145274553,0.130799568,0.130798586,0.106558238,0.065101549,0.106558238,0.110391792,0.073717894
0.190530905,0.061698473,0.190530778,0.190521555,0.100706257,0.043624558,0.100706257,0.055042683,0.066638533
0.07452216,0.052114908,0.074522205,0.074525419,0.142390365,0.03215711,0.142390365,0.050805315,0.356572154
0.109704485,0.150321638,0.109704504,0.109705865,0.096843705,0.025300911,0.096843705,0.242006853,0.059568334
0.067743534,0.158580972,0.067743541,0.067744056,0.057220613,0.016502324,0.057220613,0.47009632,0.037148027
0.099485721,0.087119241,0.099485768,0.099489212,0.1663963,0.054934522,0.1663963,0.088760299,0.137932635
0.130132431,0.210154301,0.130132386,0.130129117,0.082877381,0.044718935,0.082877381,0.13740549,0.051572578
0.119762383,0.168918002,0.119762355,0.119760351,0.090304276,0.115174829,0.090304276,0.114098856,0.061914672
0.121658433,0.061813431,0.121658483,0.121662102,0.172387526,0.084753707,0.172387526,0.053431588,0.090247203
0.110112073,0.078520084,0.110112118,0.110115362,0.16453267,0.087918615,0.16453267,0.068707849,0.10544856
0.088345978,0.048705262,0.088346024,0.088349395,0.160348407,0.037473534,0.160348407,0.048028359,0.280054635
0.14829128,0.138264243,0.14829123,0.148287632,0.099093849,0.061874425,0.099093849,0.096942736,0.059860755
0.12311809,0.181515862,0.123118083,0.123117574,0.0987351,0.04718351,0.0987351,0.127977337,0.076499346
0.06806818,0.171917006,0.0680682,0.068069681,0.075812297,0.023430507,0.075812297,0.387021013,0.061800819
0.128371482,0.166866385,0.128371434,0.128367952,0.086842736,0.109200939,0.086842736,0.108367097,0.056769239
0.155366059,0.088860889,0.155365968,0.155359364,0.095220019,0.128333839,0.095220019,0.066727317,0.059546525
0.065528236,0.160543186,0.065528253,0.065529527,0.069690787,0.020168278,0.069690787,0.4328557,0.050465248
0.091821285,0.183403958,0.091821303,0.091822621,0.087818752,0.025852146,0.087818752,0.270557263,0.069083919
0.068843618,0.448050994,0.06884362,0.068843762,0.05641228,0.023806509,0.05641228,0.171729724,0.037057214
0.143225536,0.092852305,0.143225525,0.14322469,0.11871864,0.061712678,0.11871864,0.073235239,0.105086746
0.114072534,0.104551773,0.114072568,0.114074991,0.141050684,0.053414191,0.141050684,0.107319835,0.11039274
0.166425794,0.09385383,0.166425695,0.166418529,0.09932126,0.072109089,0.09932126,0.075402259,0.060722283
0.150271087,0.088741505,0.150271077,0.150270367,0.115704031,0.03763673,0.115704031,0.099198125,0.092203046
0.04740663,0.158424981,0.04740664,0.047407377,0.046215482,0.013532771,0.046215482,0.557909944,0.035480693
0.0839335,0.083234128,0.08393355,0.083937116,0.15132914,0.033223536,0.15132914,0.083537035,0.245542855
0.177645631,0.057273623,0.177645525,0.177637829,0.105549609,0.079761497,0.105549609,0.047742275,0.071194403
0.169695723,0.0743824,0.169695655,0.169690743,0.10857254,0.043845186,0.10857254,0.07124059,0.084304624
0.143482159,0.053200394,0.143482192,0.143484594,0.149168893,0.043022088,0.149168893,0.050159505,0.124831282
0.176741392,0.056526829,0.176741308,0.176735247,0.110971724,0.062047561,0.110971724,0.049745539,0.079518675
0.085923481,0.277192804,0.085923497,0.08592466,0.087841583,0.037913037,0.087841583,0.17328154,0.078157814
0.13376466,0.060266255,0.133764598,0.133760141,0.090468076,0.25591893,0.090468076,0.044527433,0.057061831
0.117927741,0.100522958,0.117927774,0.117930143,0.140348464,0.051080122,0.140348464,0.101224188,0.112690145
0.093248008,0.068816773,0.093248057,0.093251666,0.171971382,0.053751669,0.171971382,0.067602883,0.18613818
0.065503374,0.042868306,0.065503411,0.065506115,0.121125451,0.02719544,0.121125451,0.041636693,0.44953576
0.163251043,0.073389455,0.16325101,0.163248572,0.114521205,0.041328511,0.114521205,0.074788493,0.091700506
0.170922445,0.088250349,0.170922376,0.170917341,0.102760577,0.037570322,0.102760577,0.096094582,0.059801431
0.138394564,0.151196535,0.138394529,0.138391998,0.099364406,0.063914502,0.099364406,0.104876491,0.066102568
0.107520006,0.055750877,0.107520054,0.107523586,0.159981631,0.039256077,0.159981631,0.055255329,0.207210809
0.105512567,0.165483784,0.105512563,0.105512213,0.081429591,0.029119343,0.081429591,0.272678835,0.053321514
0.12243952,0.083962417,0.122439557,0.122442257,0.136628773,0.037983453,0.136628773,0.085197604,0.152277648
0.084752182,0.059363864,0.084752236,0.084756113,0.173523777,0.034407904,0.173523777,0.058075248,0.246844899
0.129267262,0.157223681,0.12926724,0.129265656,0.101207115,0.076252659,0.101207115,0.108068684,0.068240588
0.065348827,0.172498411,0.065348833,0.065349212,0.056275386,0.019506612,0.056275386,0.460448962,0.038948371
0.12931912,0.146326337,0.129319081,0.129316261,0.092004251,0.118254219,0.092004251,0.103819099,0.059637379
0.034487095,0.023638047,0.034487092,0.034486891,0.031727445,0.768220743,0.031727445,0.017572799,0.023652442
0.106743665,0.174250574,0.10674366,0.106743309,0.077966082,0.022151581,0.077966082,0.276693618,0.050741431
0.170781165,0.055946519,0.170781108,0.170776978,0.11660164,0.060597927,0.11660164,0.049893239,0.088019783
0.154286776,0.073606821,0.154286796,0.154288257,0.137100131,0.034310128,0.137100131,0.072551559,0.0824694
0.082580083,0.251598471,0.082580106,0.082581809,0.092482551,0.033507769,0.092482551,0.195040216,0.087146443
0.12321706,0.051595323,0.123217115,0.12322113,0.183622087,0.069236515,0.183622087,0.045378229,0.096890454
0.134372702,0.156093408,0.134372676,0.134370799,0.100550077,0.061048643,0.100550077,0.112399718,0.0662419
0.116235949,0.058919841,0.116235993,0.116239219,0.165528623,0.10620467,0.165528623,0.051258859,0.103848222
0.166421354,0.072735121,0.166421312,0.166418229,0.113495595,0.040030684,0.113495595,0.077174075,0.083808037
0.110019945,0.097369267,0.110019984,0.110022792,0.147833404,0.05404883,0.147833404,0.096301922,0.126550453
0.145975896,0.081845962,0.145975817,0.1459701,0.093312796,0.175168396,0.093312796,0.060305467,0.058132769
0.089652438,0.04781359,0.089652484,0.089655866,0.155271047,0.035479304,0.155271047,0.047121901,0.290082323
0.138022651,0.122071155,0.138022628,0.138020972,0.104712229,0.041429879,0.104712229,0.135776399,0.077231859
0.106051805,0.178309145,0.1060518,0.106051439,0.082932812,0.031991161,0.082932812,0.253072887,0.05260614
0.095207418,0.060067461,0.095207388,0.095205183,0.072239285,0.418520554,0.072239285,0.043767149,0.047546277
0.136268902,0.181694406,0.136268858,0.136265722,0.087001896,0.040094903,0.087001896,0.138728452,0.056674965
0.106103874,0.07429498,0.10610393,0.106108021,0.182238751,0.067246683,0.182238751,0.065883405,0.109781606
0.079107191,0.162684091,0.079107226,0.079109796,0.104296416,0.025243748,0.104296416,0.27633066,0.089824456
0.16794455,0.079693412,0.167944494,0.167940387,0.10759757,0.041752963,0.10759757,0.078418533,0.081110521
0.066389671,0.410752902,0.066389677,0.066390111,0.058521438,0.024422257,0.058521438,0.205171228,0.043441279
0.113687201,0.091016599,0.11368724,0.113690073,0.134221362,0.037433648,0.134221362,0.093162866,0.168879648
0.120670485,0.076791367,0.120670456,0.120668361,0.095289594,0.24095491,0.095289594,0.05944502,0.070220212
0.083014701,0.156083703,0.083014731,0.083016961,0.09786209,0.025577953,0.09786209,0.302051253,0.071516519
0.060988043,0.157522791,0.060988049,0.060988495,0.054482736,0.018966747,0.054482736,0.493052154,0.038528249
0.092756141,0.057126175,0.092756184,0.092759249,0.147175201,0.03981196,0.147175201,0.056527089,0.2739128
0.079326649,0.16426374,0.079326681,0.079329003,0.100315312,0.0274459,0.100315312,0.290357136,0.079320267
0.054696847,0.409684484,0.054696858,0.054697682,0.051527149,0.016101034,0.051527149,0.270720815,0.036347982
0.080318507,0.15262925,0.080318534,0.08032051,0.091801585,0.023983642,0.091801585,0.336876995,0.061949392
0.042721548,0.138630606,0.042721557,0.04272219,0.041263457,0.012847514,0.041263457,0.608571271,0.029258402
0.135882974,0.068848541,0.135882905,0.135877891,0.089367904,0.236232447,0.089367904,0.050468947,0.058070487
0.064132845,0.04437508,0.064132844,0.064132755,0.062484984,0.555755306,0.062484984,0.034238222,0.048262979
0.062517103,0.372481496,0.062517111,0.062517685,0.056668355,0.02032625,0.056668355,0.26181355,0.044490095
0.107009375,0.07806479,0.107009344,0.107007123,0.081714748,0.327151824,0.081714748,0.056094073,0.054233975
0.072333397,0.046599969,0.072333436,0.072336228,0.12020747,0.029281209,0.12020747,0.042430619,0.424270202
0.075177619,0.172032497,0.075177624,0.075177945,0.064879955,0.024386449,0.064879955,0.404055666,0.044232291
0.070792814,0.050859592,0.07079285,0.070795469,0.119896316,0.031371555,0.119896316,0.047578399,0.41801669
0.08486817,0.241801982,0.084868198,0.084870232,0.095349704,0.028004509,0.095349704,0.206430013,0.078457488
0.064500365,0.037850523,0.064500348,0.064499084,0.050820621,0.604991502,0.050820621,0.02762747,0.034389466
0.047551676,0.169728413,0.047551688,0.047552562,0.048886478,0.015140443,0.048886478,0.538500583,0.036201679
0.081093161,0.052157552,0.081093197,0.081095801,0.120418985,0.03197657,0.120418985,0.048563201,0.383182548
0.138127062,0.132660388,0.138127013,0.138123451,0.096060877,0.103184328,0.096060877,0.091133441,0.066522563
0.127014206,0.080492678,0.127014175,0.12701197,0.099904951,0.202914073,0.099904951,0.06054055,0.075202446
0.105587943,0.073176763,0.10558798,0.105590688,0.141437856,0.04167107,0.141437856,0.074801461,0.210708383
0.129357279,0.087350248,0.129357308,0.12935945,0.131877506,0.040175936,0.131877506,0.090135505,0.130509263
0.082680463,0.053933238,0.082680506,0.082683593,0.130771484,0.032034166,0.130771484,0.048702271,0.355742794
0.084857122,0.045465078,0.084857168,0.084860548,0.145310793,0.028578538,0.145310793,0.044887149,0.335872811
0.119138208,0.185925202,0.119138178,0.119136037,0.088161711,0.097031983,0.088161711,0.119675623,0.063631348
0.164505371,0.081956321,0.164505328,0.164502232,0.109203712,0.039637388,0.109203712,0.082610103,0.083875833
0.123368936,0.061995142,0.12336888,0.123364807,0.084625576,0.298052657,0.084625576,0.045613893,0.054984532
0.119499949,0.08121885,0.119499992,0.119503136,0.157791746,0.089047447,0.157791746,0.068369326,0.087277806
0.139304781,0.060041559,0.139304821,0.139307742,0.164786301,0.054019779,0.164786301,0.056811861,0.081636856
0.055426356,0.416252948,0.055426363,0.055426907,0.049524856,0.016523749,0.049524856,0.267224986,0.034668979
0.185350926,0.059623508,0.185350819,0.18534308,0.105815586,0.048612584,0.105815586,0.054118578,0.069969332
0.084357931,0.051728062,0.084357975,0.084361159,0.144680107,0.034407348,0.144680107,0.052568505,0.318858807
0.125080262,0.078484517,0.125080292,0.125082473,0.150196862,0.090929352,0.150196862,0.068828546,0.086120834
0.182205436,0.060362743,0.182205338,0.18219819,0.107041619,0.048889191,0.107041619,0.054664645,0.075391217
0.157181128,0.055518441,0.157181129,0.157181196,0.132031815,0.040381218,0.132031815,0.054777044,0.113716215
0.069881384,0.045371921,0.069881423,0.069884228,0.121554729,0.02815565,0.121554729,0.042458401,0.431257534
0.136456466,0.162869859,0.136456426,0.13645348,0.094926688,0.062587113,0.094926688,0.114230003,0.061093277
0.102523303,0.129268792,0.102523343,0.102526217,0.138307256,0.040039644,0.138307256,0.125798806,0.120705382
0.122221005,0.101156441,0.122220985,0.122219542,0.10080555,0.170963965,0.10080555,0.075484331,0.084122632
0.122056197,0.076808942,0.122056229,0.122058511,0.148838744,0.104671122,0.148838744,0.065576989,0.089094523
0.120479474,0.066675977,0.120479517,0.120482658,0.154879276,0.046095056,0.154879276,0.065447672,0.150581095
0.141818674,0.101474927,0.141818616,0.141814436,0.096161782,0.139971784,0.096161782,0.073487123,0.067290875
0.088476904,0.316211706,0.088476892,0.088476065,0.064244775,0.033159884,0.064244775,0.216930036,0.039778963
0.079974205,0.058859375,0.079974249,0.079977474,0.14504104,0.034549459,0.14504104,0.059054808,0.317528349
0.15477627,0.092364136,0.154776188,0.154770206,0.098383312,0.116499458,0.098383312,0.06957275,0.060474367
0.093349115,0.279734271,0.09334912,0.093349487,0.0814086,0.036212201,0.0814086,0.174469626,0.066718981
0.087884981,0.058611662,0.087885022,0.087888028,0.130708749,0.028333401,0.130708749,0.060445818,0.327533591
0.121655949,0.181810591,0.121655914,0.121653377,0.086750326,0.102016541,0.086750326,0.121164692,0.056542284
0.055971577,0.460369514,0.055971584,0.055972091,0.050404661,0.020594293,0.050404661,0.216503158,0.033808459
0.055657545,0.469067626,0.055657551,0.055657975,0.04788134,0.017491826,0.04788134,0.218246722,0.032458075
0.121117054,0.188506958,0.121117022,0.12111472,0.088294946,0.093683556,0.088294946,0.117844151,0.060026645
0.155710244,0.122504306,0.155710177,0.155705359,0.098819141,0.062299019,0.098819141,0.089571497,0.060861117
0.181100351,0.062014052,0.181100256,0.181093355,0.108158012,0.047584857,0.108158012,0.056958734,0.073832371
0.069166731,0.054223404,0.069166768,0.06916945,0.120668261,0.028641961,0.120668261,0.054206443,0.41408872
0.125464913,0.08559843,0.125464947,0.125467363,0.151380453,0.07393327,0.151380453,0.077561563,0.083748607
0.066606855,0.497711476,0.06660685,0.066606494,0.050057747,0.024447406,0.050057747,0.146612061,0.031293364
0.037380571,0.127781664,0.037380576,0.037381005,0.033977412,0.010181724,0.033977412,0.657534986,0.02440465
0.143797158,0.097153628,0.143797102,0.143793031,0.098434038,0.131033079,0.098434038,0.072977701,0.070580226
0.1634522,0.057922748,0.163452151,0.163448595,0.11633724,0.088431853,0.11633724,0.050093541,0.080524432
0.095479092,0.051946194,0.095479139,0.095482591,0.138195399,0.025171113,0.138195399,0.053695545,0.306355527
0.088205853,0.04776464,0.0882059,0.088209331,0.158452699,0.035715581,0.158452699,0.047628471,0.287364825
0.08942156,0.283967434,0.08942158,0.089422987,0.092546603,0.03671898,0.092546603,0.154159233,0.07179502
0.088209603,0.23427349,0.088209633,0.088211761,0.101367964,0.030775783,0.101367964,0.184417658,0.083166143
0.117524981,0.179926713,0.117524966,0.117523877,0.09516368,0.086329871,0.09516368,0.115980186,0.074862046
0.138419186,0.075386873,0.138419215,0.138421299,0.150255277,0.066653959,0.150255277,0.067559081,0.074629833
0.046852671,0.028398354,0.046852668,0.04685241,0.043141991,0.691480204,0.043141991,0.021487699,0.031792012
0.147839919,0.105059075,0.147839841,0.147834206,0.092152472,0.130289007,0.092152472,0.078020961,0.058812048
0.078520067,0.165240234,0.078520072,0.078520434,0.068401349,0.025282916,0.068401349,0.390056744,0.047056835
0.11317299,0.098209825,0.113173027,0.113175729,0.144758092,0.051599703,0.144758092,0.097920989,0.123231553
0.090585066,0.223400309,0.090585093,0.090587024,0.104512709,0.03812375,0.104512709,0.163721001,0.093972337
0.126554533,0.075659907,0.12655457,0.126557279,0.158607194,0.072871388,0.158607194,0.067723255,0.08686468
0.069141661,0.048878144,0.069141701,0.069144586,0.12391642,0.026088141,0.12391642,0.048464487,0.42130844
0.124179157,0.155120716,0.124179128,0.124177032,0.0948065,0.114619308,0.0948065,0.100543585,0.067568075
0.122327283,0.051558971,0.122327334,0.122331074,0.178271221,0.079979301,0.178271221,0.045269439,0.099664155
0.060903941,0.181378067,0.060903957,0.060905154,0.064737742,0.019008017,0.064737742,0.434255655,0.053169726
0.10251808,0.083264086,0.102518124,0.102521301,0.14248578,0.036601466,0.14248578,0.092698681,0.194906702
0.117556627,0.049490157,0.117556675,0.117560166,0.151215142,0.030623972,0.151215142,0.049820551,0.214961568
0.052049951,0.18360262,0.052049954,0.052050178,0.043613241,0.014888627,0.043613241,0.526562398,0.031569789
0.111553922,0.199905204,0.111553905,0.111552629,0.088950443,0.093748146,0.088950443,0.128850247,0.064935061
0.140852429,0.042682747,0.140852484,0.140856473,0.177381441,0.04173451,0.177381441,0.039683702,0.098574774
0.086922026,0.09186883,0.086922075,0.086925648,0.158092643,0.042166579,0.158092643,0.090163576,0.198845981
0.113054807,0.054458876,0.11305485,0.113057907,0.165027923,0.058632267,0.165027923,0.053181435,0.164504011
0.133331381,0.144896621,0.133331368,0.13333042,0.107260293,0.058388133,0.107260293,0.108152255,0.074049235
0.080572247,0.050056911,0.080572288,0.080575236,0.125434807,0.028372286,0.125434807,0.046887267,0.382094151
0.070731123,0.156425334,0.070731145,0.070732701,0.076936511,0.02171589,0.076936511,0.403989726,0.05180106
0.109755561,0.155043453,0.109755555,0.109755132,0.089276246,0.039383071,0.089276246,0.237989104,0.059765632
0.064589506,0.154613754,0.064589522,0.064590681,0.064940921,0.018736934,0.064940921,0.457068069,0.045929692
0.112042032,0.043560634,0.112042084,0.112045902,0.176252545,0.038653343,0.176252545,0.044132521,0.185018395
0.087218033,0.211396516,0.087218068,0.087220579,0.11014773,0.031254544,0.11014773,0.187571299,0.087825501
0.082015598,0.359132007,0.082015587,0.082014836,0.058684623,0.026678958,0.058684623,0.212926216,0.037847551
0.062157653,0.507736232,0.06215765,0.062157447,0.046812935,0.020515001,0.046812935,0.163773143,0.027877004
0.178085293,0.072875028,0.178085213,0.178079393,0.105306656,0.037682687,0.105306656,0.073104773,0.071474301
0.074063074,0.045057471,0.074063051,0.074061391,0.05668396,0.548732561,0.05668396,0.032785457,0.037869076
0.126945396,0.065434345,0.126945449,0.126949283,0.174489565,0.061633121,0.174489565,0.059204611,0.083908666
0.065784911,0.044900326,0.06578491,0.06578488,0.064646085,0.543929788,0.064646085,0.034438303,0.050084711
0.094834507,0.100009131,0.094834553,0.094837924,0.156966907,0.049482274,0.156966907,0.101496217,0.150571581
