C1,C2,C3,C4,C5,C6,C7,C8,C9,C10
0.098997258,0.145319548,0.096455046,0.096455613,0.061872116,0.084345672,0.141760162,0.081884223,0.096455102,0.096455261
0.094375719,0.153479517,0.093890844,0.09389111,0.067271472,0.087310516,0.150997687,0.07100132,0.09389087,0.093890945
0.059769286,0.153468348,0.082519816,0.082520388,0.055705245,0.094233509,0.070941137,0.235802366,0.082519872,0.082520033
0.035446188,0.022612618,0.162297799,0.162296082,0.150652826,0.065505211,0.039553033,0.037041462,0.162297632,0.162297149
0.036372301,0.021773868,0.165052302,0.165050865,0.148843214,0.056063404,0.040087745,0.036652381,0.165052162,0.165051758
0.08433333,0.044571924,0.126178594,0.126177418,0.13867249,0.100708175,0.089929916,0.037071526,0.126178479,0.126178148
0.061729654,0.052713583,0.152499163,0.152500082,0.077880088,0.057739057,0.069748748,0.07019086,0.152499253,0.152499511
0.08168671,0.040455322,0.146586249,0.146585857,0.111688367,0.044587211,0.090960727,0.044277248,0.14658621,0.1465861
0.038598747,0.022385896,0.131448487,0.13144632,0.278397255,0.059836372,0.044960133,0.030030847,0.131448275,0.131447666
0.037136401,0.024226847,0.163356767,0.1633553,0.139524893,0.065071936,0.040973631,0.03964139,0.163356624,0.163356211
0.050409994,0.033303635,0.149164599,0.149163956,0.123634466,0.09591675,0.053770155,0.046307552,0.149164537,0.149164356
0.020806363,0.038903957,0.042536426,0.042536709,0.029800263,0.039591361,0.027290956,0.673460977,0.042536454,0.042536533
0.174633294,0.038086245,0.104947061,0.104946756,0.092594107,0.038496505,0.210026906,0.02637515,0.104947031,0.104946946
0.034625773,0.065096932,0.069431583,0.069431967,0.050029706,0.047613067,0.045117438,0.479790183,0.069431621,0.069431729
0.041361319,0.022147284,0.149697043,0.149695242,0.150361254,0.11406919,0.044729945,0.028545495,0.149696867,0.149696361
0.040716055,0.026464075,0.162260394,0.16225948,0.122126429,0.073837945,0.042625293,0.045189976,0.162260305,0.162260048
0.025368469,0.01285614,0.078581255,0.078579856,0.568458796,0.02956391,0.031581346,0.017848384,0.078581118,0.078580725
0.066808551,0.035469161,0.155444043,0.155443918,0.111148661,0.043432775,0.074791304,0.04657356,0.155444031,0.155443996
0.039948047,0.073755457,0.07781098,0.077811592,0.051255674,0.091911726,0.052264828,0.379619445,0.077811039,0.077811212
0.066317888,0.044895184,0.151179572,0.151181188,0.081794404,0.052585048,0.075216663,0.07447014,0.151179729,0.151180184
0.060674915,0.036311796,0.103198361,0.103197985,0.085992245,0.308985585,0.061145998,0.034096572,0.103198324,0.103198219
0.056548908,0.131321221,0.085235775,0.085236337,0.060540824,0.084588736,0.071262202,0.254794179,0.08523583,0.085235988
0.158480544,0.116953982,0.057002991,0.057003368,0.03696899,0.042719138,0.383190163,0.033674662,0.057003028,0.057003134
0.073035871,0.044660146,0.091307845,0.091307646,0.074308292,0.336026568,0.070418083,0.036319954,0.091307826,0.09130777
0.034792738,0.034302938,0.074831631,0.074832105,0.046489251,0.493053467,0.038772756,0.053261625,0.074831678,0.074831811
0.008559887,0.01626707,0.018018252,0.01801839,0.011928153,0.015719783,0.010973418,0.864478479,0.018018265,0.018018304
0.070756335,0.04871252,0.13412707,0.134128813,0.066108533,0.144930535,0.071433108,0.061548113,0.13412724,0.134127731
0.028415404,0.049351314,0.062789421,0.062789859,0.04200296,0.043957046,0.035831544,0.5492834,0.062789464,0.062789587
0.071017174,0.047322457,0.144980452,0.144982444,0.07269802,0.082116365,0.076410417,0.070510817,0.144980646,0.144981207
0.22406943,0.042810897,0.080769418,0.080769169,0.077546546,0.04691026,0.259887734,0.025697829,0.080769394,0.080769324
0.038609986,0.020925938,0.145463311,0.145461082,0.230577673,0.052852779,0.044635307,0.030548363,0.145463094,0.145462467
0.026955299,0.014064114,0.078152753,0.078151362,0.560094575,0.034234776,0.033747322,0.018294954,0.078152618,0.078152226
0.03574425,0.726539689,0.0266595,0.026659652,0.018476975,0.029381298,0.049681103,0.033538462,0.026659514,0.026659557
0.055860739,0.041815011,0.160289397,0.16029097,0.076698223,0.05513905,0.065247309,0.06407976,0.16028955,0.160289993
0.076186421,0.04553002,0.13070538,0.130706124,0.073531146,0.165831282,0.075612692,0.040485821,0.130705452,0.130705661
0.073041833,0.037592532,0.145576633,0.145575953,0.135353258,0.043322535,0.085376071,0.043008246,0.145576566,0.145576375
0.407392479,0.032478373,0.058077941,0.058077942,0.045282781,0.031937611,0.232245779,0.018351212,0.058077941,0.058077941
0.013779327,0.025299545,0.028098811,0.028099037,0.018959162,0.021593632,0.018687956,0.789284801,0.028098833,0.028098896
0.040821959,0.023479077,0.133671188,0.13366903,0.2609074,0.060881238,0.048179882,0.031048878,0.133670978,0.133670371
0.1571455,0.045074917,0.06751125,0.067511204,0.06234879,0.036700262,0.40280544,0.025880159,0.067511245,0.067511232
0.067695143,0.222614642,0.079270937,0.079271469,0.05368453,0.094639335,0.080608653,0.163673164,0.079270989,0.079271139
0.05138061,0.036668031,0.150778606,0.150778478,0.113222001,0.081996642,0.0526335,0.060984982,0.150778594,0.150778557
0.0654148,0.519427847,0.048642544,0.048642941,0.029903649,0.05168213,0.077186678,0.061814137,0.048642582,0.048642694
0.031605049,0.028613649,0.061632502,0.061632696,0.043049723,0.578620925,0.033255513,0.038324845,0.061632521,0.061632576
0.025980497,0.047102479,0.056026914,0.056027316,0.037472844,0.03909905,0.033352734,0.592884146,0.056026954,0.056027067
0.063883276,0.161019367,0.087715212,0.087715614,0.06501549,0.112332789,0.075866703,0.171020933,0.087715251,0.087715364
0.658926487,0.027425187,0.031362772,0.031362827,0.023399063,0.025834299,0.127107935,0.01185586,0.031362777,0.031362793
0.064409078,0.143315292,0.091174089,0.091174588,0.066562942,0.098049013,0.078256101,0.184710482,0.091174138,0.091174278
0.14093559,0.094528349,0.061016887,0.061016971,0.050697281,0.042996263,0.393359213,0.033415632,0.061016895,0.061016919
0.136616878,0.131951021,0.087625153,0.087625646,0.053104402,0.125559216,0.154234404,0.04803274,0.087625201,0.08762534
0.078175161,0.042971056,0.142607176,0.142606947,0.121178566,0.047661432,0.090524098,0.049061321,0.142607153,0.142607089
0.03693565,0.021364885,0.154452859,0.154450978,0.170726556,0.079124646,0.040319964,0.033719641,0.154452676,0.154452147
0.038762846,0.020703574,0.157781513,0.157779995,0.165230599,0.069634836,0.041511588,0.033032746,0.157781365,0.157780938
0.068340313,0.043078339,0.150051629,0.150053877,0.063729259,0.102483185,0.07054714,0.051611929,0.150051848,0.15005248
0.409979681,0.029236084,0.058151527,0.05815156,0.04391252,0.034839807,0.232357878,0.017067873,0.05815153,0.05815154
0.623276677,0.022863159,0.034451034,0.034451034,0.027088897,0.023971559,0.153875774,0.011119796,0.034451034,0.034451034
0.093259664,0.05033847,0.12189446,0.12189355,0.122366699,0.111465344,0.0967892,0.038204126,0.121894371,0.121894115
0.042829629,0.037508679,0.102974276,0.102974923,0.065415898,0.323465999,0.046888442,0.071993294,0.102974339,0.102974521
0.023774171,0.045067389,0.050914122,0.050914491,0.034240625,0.036541252,0.031823768,0.624895763,0.050914158,0.050914262
0.061428481,0.128271378,0.095566987,0.095567406,0.071150357,0.123691066,0.075286353,0.157903799,0.095567028,0.095567146
0.050238465,0.091068966,0.091747306,0.091747583,0.074248132,0.062454952,0.064831432,0.290168421,0.091747333,0.091747411
0.102586699,0.170662071,0.090427581,0.09042814,0.056264701,0.088755359,0.147192552,0.072827469,0.090427636,0.090427793
0.039356773,0.034622006,0.081041373,0.081041973,0.048496411,0.460343146,0.04231221,0.050703077,0.081041431,0.0810416
0.258906374,0.042457215,0.081412124,0.081411775,0.076477169,0.044436112,0.228860565,0.023214584,0.08141209,0.081411992
0.05499055,0.035291875,0.162864327,0.162865329,0.08452166,0.064181902,0.057061475,0.052493752,0.162864424,0.162864706
0.035902541,0.021873244,0.163203492,0.163201922,0.151034682,0.061787328,0.039788746,0.036801809,0.163203339,0.163202897
0.149393674,0.074992122,0.09906089,0.099060811,0.078725442,0.093295283,0.165249613,0.042100422,0.099060882,0.09906086
0.012620203,0.024495918,0.024623701,0.024623897,0.016482687,0.020612654,0.016550216,0.810743228,0.02462372,0.024623775
0.057298844,0.027234361,0.14054404,0.140542645,0.210571686,0.04316433,0.06555076,0.034005918,0.140543904,0.140543512
0.046522735,0.024422281,0.123232261,0.123230278,0.306467919,0.045958845,0.053656186,0.030045918,0.123232068,0.12323151
0.089452025,0.14855232,0.096631926,0.096632252,0.067942047,0.088441938,0.137212857,0.081870628,0.096631958,0.096632049
0.044597598,0.019784184,0.131374452,0.13137273,0.292196155,0.040906636,0.050552098,0.026468064,0.131374284,0.1313738
0.29946297,0.042530198,0.072128483,0.072128418,0.057404156,0.051976688,0.237653763,0.02245839,0.072128477,0.072128458
0.277217903,0.043857341,0.092677239,0.092677284,0.069053896,0.049205165,0.160801617,0.029155055,0.092677244,0.092677256
0.033837416,0.016494872,0.113873474,0.113871546,0.393726538,0.033669055,0.042936687,0.023844383,0.113873286,0.113872743
0.040376136,0.024935528,0.165903842,0.165903432,0.10379509,0.083899578,0.042022006,0.041356899,0.165903802,0.165903687
0.051151423,0.556556419,0.045431945,0.04543227,0.02950111,0.048676966,0.063793506,0.068592316,0.045431977,0.045432068
0.109124205,0.302117079,0.06743982,0.067440338,0.040531896,0.092764651,0.128812429,0.056889695,0.06743987,0.067440016
0.017969402,0.035318829,0.035339487,0.03533971,0.025205465,0.028729018,0.023322347,0.728096662,0.035339509,0.035339571
0.068110452,0.182188757,0.084646665,0.084647235,0.05779668,0.090597667,0.081315343,0.181403599,0.08464672,0.084646881
0.064841601,0.111041162,0.094836277,0.094837126,0.058547143,0.156410676,0.080253568,0.14955949,0.09483636,0.094836599
0.067794388,0.102166831,0.099749327,0.099750231,0.06060721,0.16145729,0.081572576,0.127403064,0.099749415,0.099749669
0.039655076,0.023445274,0.177495925,0.177496899,0.079945649,0.069052634,0.040083754,0.037832476,0.17749602,0.177496294
0.075358627,0.043163245,0.130095517,0.13009448,0.121126244,0.122934081,0.079427944,0.037609321,0.130095416,0.130095124
0.049353619,0.024947859,0.142457416,0.142455775,0.138079151,0.138727737,0.050731358,0.028333035,0.142457256,0.142456794
0.433562398,0.033866317,0.058778817,0.058778787,0.046645464,0.038819846,0.193469373,0.018521379,0.058778814,0.058778806
0.566169648,0.038632202,0.040493798,0.04049393,0.0293111,0.033606883,0.152871974,0.017432806,0.040493811,0.040493848
0.054538635,0.099283764,0.091351329,0.091352195,0.056186759,0.124339865,0.069563762,0.23068062,0.091351413,0.091351657
0.107352813,0.183997836,0.086686932,0.086687464,0.052893425,0.112945847,0.130431273,0.065630294,0.086686984,0.086687133
0.01363041,0.027803939,0.02739009,0.027390305,0.018278612,0.021624118,0.017884101,0.791218144,0.027390111,0.027390171
0.049690783,0.031630634,0.164579037,0.164579447,0.09100824,0.070976099,0.051651873,0.046725617,0.164579077,0.164579193
0.232584325,0.084622859,0.050208895,0.050209168,0.03328741,0.03870235,0.384386539,0.025580535,0.050208922,0.050208998
0.028301881,0.014538288,0.096362035,0.096360454,0.480871997,0.034181024,0.035181319,0.021479684,0.096361881,0.096361437
0.122351772,0.071355202,0.105592203,0.105591881,0.089491343,0.111401768,0.140186713,0.042844865,0.105592171,0.105592081
0.354983991,0.055041814,0.072471894,0.072472293,0.047548296,0.072430579,0.149734976,0.030372178,0.072471933,0.072472045
0.041577237,0.024282633,0.143241638,0.143239641,0.213284139,0.065625624,0.04784252,0.034424244,0.143241443,0.143240881
0.021073602,0.043745582,0.03940906,0.039409382,0.026212515,0.036882303,0.027979405,0.686469878,0.039409092,0.039409182
0.110680827,0.098825532,0.102167838,0.102168332,0.066876539,0.099527804,0.152284048,0.063133167,0.102167887,0.102168026
0.140196724,0.060027073,0.120019932,0.120021284,0.059792461,0.109262473,0.103193442,0.047446103,0.120020064,0.120020444
0.075758626,0.054636574,0.117757851,0.11775753,0.132616569,0.10912534,0.096648046,0.060183915,0.11775782,0.117757729
0.020714429,0.01897612,0.040984854,0.040985016,0.026945914,0.723350572,0.022617981,0.023455327,0.04098487,0.040984916
0.155469066,0.092529874,0.053603687,0.053603854,0.039590279,0.041731987,0.42837778,0.02788602,0.053603703,0.05360375
0.062963165,0.049738139,0.155448959,0.155450554,0.070747466,0.055530202,0.0717205,0.067502338,0.155449115,0.155449563
0.238431219,0.040756454,0.086956259,0.086956119,0.075413729,0.045661619,0.225237868,0.026674283,0.086956245,0.086956206
0.1446159,0.067413566,0.04974233,0.049742623,0.032614168,0.032225096,0.500162629,0.023998888,0.049742359,0.049742441
0.033531762,0.020168075,0.164519379,0.164517546,0.158795796,0.058144001,0.037495353,0.033790203,0.164519201,0.164518685
0.043245515,0.02204455,0.125205002,0.125202718,0.29636915,0.064960207,0.047279531,0.025284411,0.125204779,0.125204137
0.335574011,0.037332792,0.069671403,0.069671317,0.056186863,0.048568147,0.223128382,0.020524318,0.069671395,0.069671371
0.059394575,0.027251488,0.124404445,0.12440288,0.264124368,0.057150553,0.063770035,0.030693511,0.124404292,0.124403852
0.091984875,0.051004384,0.123944151,0.123943534,0.10096304,0.131056133,0.090156559,0.039059314,0.123944091,0.123943918
0.08414375,0.047326719,0.125230132,0.125229193,0.121060665,0.120548451,0.086880255,0.039121018,0.12523004,0.125229776
0.024050848,0.012279157,0.075882956,0.075881573,0.584853087,0.027862526,0.030395951,0.017028649,0.075882821,0.075882432
0.111915207,0.070448502,0.082784714,0.082785142,0.05811953,0.044276561,0.343689485,0.040411226,0.082784756,0.082784876
0.145462658,0.053114262,0.05090806,0.050908238,0.038227039,0.031661128,0.504272073,0.023630338,0.050908077,0.050908127
0.175969243,0.112509438,0.054358747,0.054359002,0.03701442,0.044462685,0.383386865,0.029221985,0.054358772,0.054358843
0.195110029,0.040359013,0.038473939,0.038474037,0.028052755,0.027998713,0.539247277,0.015336312,0.038473949,0.038473976
0.043904614,0.652354663,0.034566949,0.034567134,0.023956152,0.03515965,0.065745752,0.040611099,0.034566967,0.034567019
0.032631147,0.01623205,0.126749267,0.126747313,0.333081037,0.050020382,0.036597988,0.024443211,0.126749077,0.126748527
0.109171704,0.169532171,0.08748049,0.087480965,0.054686004,0.11042669,0.147053987,0.059206783,0.087480536,0.08748067
0.496252127,0.035692355,0.0539605,0.053960665,0.03819012,0.040910602,0.152980896,0.020131655,0.053960516,0.053960563
0.096173651,0.04972061,0.106565263,0.106564905,0.085484611,0.220510044,0.085175293,0.036675268,0.106565228,0.106565127
0.049569456,0.032713392,0.079406817,0.079407139,0.052944526,0.464116273,0.046297554,0.036731056,0.079406848,0.079406939
0.058489625,0.033049735,0.137635847,0.137635617,0.084830229,0.185468101,0.053224195,0.034395068,0.137635824,0.13763576
0.040606834,0.021722364,0.114759645,0.114757946,0.333984257,0.063077407,0.052804999,0.028768069,0.114759479,0.114759001
0.06769815,0.10367037,0.099629804,0.099630826,0.05937344,0.134099049,0.083097916,0.153540349,0.099629904,0.099630191
0.350742257,0.037538968,0.054652264,0.054652206,0.047693069,0.034671974,0.292034688,0.018710075,0.054652258,0.054652242
0.041983331,0.669086562,0.033259953,0.033260166,0.02231691,0.032583537,0.053003587,0.047985947,0.033259973,0.033260034
0.050465265,0.047636518,0.153375312,0.153377286,0.069468553,0.060948251,0.06006211,0.097915141,0.153375504,0.153376059
0.013480643,0.027372499,0.025747872,0.025748071,0.017466067,0.021802711,0.017680669,0.799205629,0.025747891,0.025747947
0.366740074,0.040608144,0.041029557,0.041029654,0.030972933,0.030858219,0.349734546,0.016967712,0.041029567,0.041029594
0.042546763,0.029999613,0.132999374,0.133000152,0.068817368,0.239842544,0.042090105,0.044704963,0.13299945,0.132999669
0.033027828,0.016512268,0.102319907,0.10231811,0.432646214,0.045110796,0.04151947,0.021906447,0.102319732,0.102319226
0.084600717,0.140912833,0.098314542,0.098315268,0.057308199,0.127824663,0.106532699,0.08956165,0.098314613,0.098314817
0.297929063,0.040579381,0.07201327,0.072013232,0.057831003,0.043795201,0.248527699,0.023284631,0.072013266,0.072013255
0.041706115,0.027814892,0.175152379,0.175154317,0.076665794,0.048791079,0.047322507,0.057087235,0.175152568,0.175153113
0.068602346,0.036050515,0.154934175,0.154934129,0.108688463,0.044746892,0.075318207,0.046856944,0.154934171,0.154934158
0.046273281,0.032078659,0.170944868,0.170948068,0.065696207,0.056680704,0.053029759,0.062457194,0.17094518,0.17094608
0.042803034,0.077729899,0.085042141,0.085042515,0.063827818,0.055682814,0.055497131,0.364290189,0.085042177,0.085042283
0.063667808,0.035303075,0.130830965,0.130829577,0.188605781,0.08594483,0.065435308,0.037721386,0.13083083,0.13083044
0.163004618,0.036468857,0.122411738,0.122411748,0.085569796,0.040460973,0.156839049,0.02800974,0.122411739,0.122411742
0.034802022,0.071992718,0.061045189,0.061045727,0.039686166,0.060303086,0.046122895,0.502911562,0.061045242,0.061045393
0.053810803,0.022621151,0.165751116,0.165750894,0.127620127,0.041878144,0.060872197,0.03019344,0.165751095,0.165751032
0.316497904,0.045651006,0.067529551,0.06752944,0.058559571,0.045694525,0.240923556,0.022555399,0.06752954,0.067529509
0.080431998,0.096126153,0.099815757,0.099816462,0.062163889,0.193188203,0.092511886,0.076313802,0.099815826,0.099816024
0.084314162,0.100905279,0.108140752,0.10814104,0.078687789,0.093861294,0.120331629,0.089336415,0.10814078,0.108140861
0.586626819,0.035115096,0.039712169,0.039712277,0.029361319,0.033686642,0.140041569,0.016319718,0.03971218,0.03971221
0.126382658,0.034840387,0.134504903,0.134504865,0.098140769,0.041396169,0.130588217,0.030632245,0.134504899,0.134504888
0.063290332,0.036620089,0.138346534,0.138345034,0.181972747,0.048001099,0.072632713,0.044099097,0.138346388,0.138345966
0.064475039,0.046673398,0.150183036,0.150185041,0.074844742,0.059541837,0.07299728,0.080732599,0.150183231,0.150183796
0.039126704,0.024697226,0.179511352,0.179513236,0.076380919,0.049845693,0.043512092,0.048389177,0.179511536,0.179512066
0.044516669,0.073837443,0.091908538,0.091908986,0.067149866,0.057097922,0.056493261,0.333270029,0.091908581,0.091908707
0.118790914,0.045732974,0.114693551,0.114692772,0.13603222,0.048888052,0.154476486,0.0373063,0.114693475,0.114693256
0.313078097,0.041003473,0.081164653,0.081164639,0.06347284,0.044189865,0.187949482,0.025647651,0.081164652,0.081164648
0.064577652,0.033369654,0.12072417,0.120723479,0.134464507,0.177878319,0.067643644,0.039170562,0.120724103,0.120723908
0.481240078,0.03988036,0.053664374,0.053664548,0.036718687,0.046074342,0.162829849,0.01859893,0.053664391,0.05366444
0.151119081,0.089005524,0.089443185,0.089443485,0.058942101,0.092152662,0.211323572,0.039683876,0.089443214,0.089443299
0.549507941,0.03721766,0.04327367,0.043273806,0.030644411,0.040277603,0.15251825,0.016739255,0.043273683,0.043273721
0.057198918,0.040540239,0.159695091,0.159697037,0.073985236,0.049158615,0.071363714,0.068970042,0.15969528,0.159695828
0.044952865,0.628416098,0.038385246,0.038385465,0.026292501,0.034908739,0.062424314,0.049464177,0.038385267,0.038385329
0.07228126,0.033281819,0.136960592,0.136959305,0.180978739,0.039742612,0.090703293,0.03517181,0.136960466,0.136960104
0.054696083,0.02798841,0.144070129,0.144068958,0.148805032,0.103222743,0.053856142,0.035152802,0.144070015,0.144069685
0.041896943,0.022090011,0.145583703,0.145581791,0.19311773,0.087418975,0.044377719,0.028766633,0.145583516,0.145582978
0.036670331,0.020240599,0.148937051,0.148934696,0.217082595,0.058572566,0.041386186,0.030302997,0.148936821,0.148936159
0.0696255,0.111097079,0.095710413,0.095711236,0.058467031,0.179377786,0.083180643,0.115409095,0.095710493,0.095710725
0.345037034,0.037165089,0.068408261,0.068408161,0.057873501,0.034281071,0.230972571,0.021037839,0.068408251,0.068408223
0.04258078,0.026943361,0.175006981,0.175008569,0.082358812,0.04710002,0.048270973,0.052715785,0.175007136,0.175007583
0.080543604,0.038472882,0.144266627,0.144266269,0.12436545,0.044378308,0.093163248,0.042010529,0.144266592,0.144266491
0.070089723,0.029481455,0.156235781,0.156236011,0.115052487,0.046258576,0.077723069,0.036451227,0.156235803,0.156235868
0.068276625,0.101126234,0.099749441,0.099750344,0.05985654,0.172247775,0.082346329,0.1171474,0.099749529,0.099749783
0.034573676,0.019791716,0.139221899,0.139219559,0.263120655,0.056792412,0.040277398,0.028560002,0.139221671,0.139221013
0.032685262,0.018005991,0.118990911,0.11898858,0.366821963,0.043218923,0.038864351,0.024443305,0.118990684,0.118990029
0.53713203,0.038606275,0.043262317,0.043262391,0.031766911,0.031663051,0.171605223,0.016177132,0.043262325,0.043262345
0.041702994,0.033399733,0.134661584,0.134661479,0.122441537,0.146768654,0.053888465,0.063152436,0.134661573,0.134661544
0.038130287,0.030228394,0.116803335,0.116803644,0.084608921,0.278190514,0.045568315,0.056059772,0.116803365,0.116803452
0.082788467,0.293420839,0.074385088,0.074385475,0.051640821,0.078409281,0.117138022,0.079061647,0.074385126,0.074385235
0.034621506,0.712886452,0.028695783,0.028695977,0.01908823,0.026197945,0.047952307,0.044470141,0.028695802,0.028695857
0.016909379,0.008440257,0.062671774,0.062670517,0.670511043,0.021199274,0.020282293,0.011972513,0.062671651,0.062671298
0.073157675,0.034702267,0.142396314,0.142395375,0.153484198,0.041217904,0.090244223,0.037609863,0.142396223,0.142395958
0.016543546,0.876321757,0.012281465,0.012281547,0.00805243,0.012419844,0.022316479,0.015219964,0.012281473,0.012281496
0.02167281,0.039203724,0.050946125,0.050946585,0.031210201,0.044479114,0.028152647,0.631496327,0.05094617,0.050946299
0.0382158,0.022468087,0.176879631,0.176880121,0.087320967,0.067457969,0.038524966,0.038492963,0.176879679,0.176879817
0.073489466,0.043009902,0.129301221,0.129300048,0.135397774,0.112044402,0.080847788,0.038007516,0.129301107,0.129300777
0.036384083,0.028625895,0.063881507,0.063881625,0.043528079,0.567454272,0.038002798,0.030478671,0.063881518,0.063881552
0.019026147,0.033575148,0.046574447,0.04657476,0.032000332,0.038171066,0.026049809,0.664879248,0.046574478,0.046574566
0.156807273,0.036967904,0.121966246,0.121966287,0.086877203,0.039541344,0.163095148,0.028846084,0.12196625,0.121966261
0.108404731,0.117453733,0.099043812,0.099044618,0.057729524,0.089449304,0.15927565,0.07151062,0.099043891,0.099044117
0.113087884,0.05233129,0.099836169,0.099836206,0.067647047,0.240892202,0.092965285,0.033731562,0.099836173,0.099836183
0.068547365,0.112338001,0.095385531,0.095386363,0.057856706,0.17891944,0.082633099,0.118162038,0.095385612,0.095385846
0.055728396,0.039711559,0.081318348,0.081318866,0.049634235,0.4356663,0.054202054,0.039783299,0.081318398,0.081318544
0.049358496,0.038750884,0.164369232,0.164371895,0.064734079,0.057419817,0.05929935,0.072956515,0.164369492,0.164370241
0.619191806,0.027500403,0.040435935,0.040436057,0.027935682,0.031927743,0.117903755,0.013796692,0.040435947,0.040435981
0.045564644,0.024515451,0.151259974,0.151257859,0.149822028,0.097650019,0.049186464,0.028224621,0.151259768,0.151259173
0.331443227,0.030524616,0.075118851,0.075118815,0.059204551,0.035086023,0.223238073,0.02002816,0.075118848,0.075118837
0.091827268,0.06019605,0.131221652,0.131221177,0.102872977,0.069835893,0.101699914,0.048681991,0.131221606,0.131221472
0.64672122,0.02619848,0.033336977,0.033337031,0.024202071,0.024948004,0.13295515,0.011627088,0.033336982,0.033336997
0.031639816,0.765108829,0.023194174,0.023194316,0.015735012,0.02265409,0.041314467,0.03077088,0.023194188,0.023194228
0.0283879,0.048231058,0.062011206,0.062011656,0.04145397,0.047502274,0.036210065,0.550169245,0.06201125,0.062011376
0.046726678,0.021735421,0.111409566,0.111407493,0.35359783,0.054777001,0.054670078,0.022857787,0.111409364,0.111408781
0.039505636,0.073456096,0.080242147,0.080242491,0.060569941,0.054553007,0.05130025,0.399645973,0.080242181,0.080242277
0.04606243,0.03927411,0.119399758,0.119400858,0.067684052,0.238398671,0.052092429,0.078887654,0.119399865,0.119400174
0.044975458,0.025469082,0.154943462,0.154941775,0.12325542,0.109637297,0.046828877,0.030062508,0.154943297,0.154942823
0.149247287,0.056995316,0.046302033,0.046302145,0.035967468,0.030879574,0.520064406,0.021637652,0.046302044,0.046302075
0.446671249,0.047049694,0.058800253,0.058800531,0.039020292,0.0542219,0.15353862,0.024296822,0.05880028,0.058800358
0.079708216,0.045809953,0.089021267,0.089021431,0.060775703,0.351564155,0.071412636,0.034644028,0.089021283,0.089021329
0.45818945,0.043054259,0.058271961,0.058272232,0.03696856,0.052683354,0.155858246,0.020157886,0.058271988,0.058272064
0.044690776,0.026626485,0.148802961,0.14880104,0.182480224,0.064767125,0.049453449,0.036772935,0.148802773,0.148802233
0.085872088,0.064563534,0.121220587,0.121221134,0.07728793,0.111458677,0.114671855,0.061262759,0.121220641,0.121220794
0.066615193,0.037817913,0.144020744,0.144019578,0.151019705,0.046307457,0.075604022,0.046554457,0.14402063,0.144020302
0.014815844,0.028088995,0.030656743,0.030656937,0.021931674,0.024854593,0.019872645,0.767808991,0.030656761,0.030656816
0.136649286,0.049222895,0.088714919,0.088714783,0.090866788,0.045202323,0.289324647,0.033874585,0.088714906,0.088714868
0.075891965,0.042640103,0.131473591,0.131472613,0.115509566,0.124723349,0.078163295,0.037178803,0.131473496,0.13147322
0.102821779,0.093127837,0.10765141,0.107651954,0.069884239,0.08983157,0.144608324,0.069119807,0.107651463,0.107651616
0.019312737,0.015648704,0.032941889,0.03294203,0.020925113,0.776025293,0.020073565,0.016246824,0.032941903,0.032941943
0.036257394,0.017076081,0.117465479,0.117463788,0.372640095,0.036296574,0.042633099,0.025237338,0.117465314,0.117464838
0.290126302,0.050036621,0.089836875,0.089837202,0.055173453,0.071265801,0.147525729,0.026524111,0.089836907,0.089836999
0.628032993,0.026837652,0.038751162,0.038751279,0.026114708,0.031514024,0.119724487,0.012771316,0.038751173,0.038751206
0.069478145,0.03540594,0.154599685,0.154599712,0.109774204,0.046105295,0.075355089,0.045482548,0.154599687,0.154599695
0.133335399,0.162700905,0.081463988,0.081464449,0.050276068,0.088573441,0.190497765,0.048759789,0.081464033,0.081464163
0.034426741,0.73204578,0.026927956,0.02692811,0.018528196,0.025069924,0.046361184,0.035856125,0.026927971,0.026928014
0.043174079,0.031323638,0.169818993,0.169821964,0.069159846,0.053870497,0.050486901,0.072704682,0.169819283,0.169820118
0.054427225,0.040866317,0.158495363,0.158496879,0.083710953,0.048354736,0.065137513,0.073519564,0.158495511,0.158495937
0.035989693,0.020479921,0.150053617,0.150051364,0.219967038,0.052701118,0.040113483,0.030537603,0.150053398,0.150052764
0.098909407,0.105472828,0.104688177,0.10468903,0.060130448,0.10695482,0.138579332,0.071199197,0.10468826,0.1046885
0.116468288,0.093543873,0.097613637,0.097613728,0.074280162,0.086019174,0.188379761,0.050854059,0.097613646,0.097613672
0.364365299,0.041638081,0.068776309,0.068776221,0.05680006,0.038705759,0.200718286,0.022667408,0.068776301,0.068776276
0.027249987,0.785309148,0.021182937,0.02118308,0.013947311,0.023336025,0.03688168,0.02854389,0.021182951,0.021182991
0.06987958,0.112468506,0.096119882,0.096120745,0.05927117,0.144297441,0.084840437,0.144762065,0.096119966,0.096120209
0.487372291,0.032571776,0.056398423,0.056398473,0.041835926,0.033114083,0.161642542,0.017869616,0.056398428,0.056398442
0.266635807,0.056625596,0.081599433,0.081599342,0.06492494,0.061443498,0.197506424,0.026466138,0.081599424,0.081599398
0.155719716,0.075071744,0.054849233,0.054849464,0.037810706,0.037325152,0.44845954,0.02621587,0.054849255,0.05484932
0.075665044,0.062310966,0.114605601,0.114605566,0.109528665,0.130782427,0.094781687,0.068508857,0.114605598,0.114605588
0.100206896,0.058093851,0.131368269,0.131368462,0.099516232,0.067451613,0.098867483,0.050390564,0.131368287,0.131368342
0.08221322,0.092264617,0.101968676,0.101969546,0.061010343,0.180761929,0.092910805,0.082963099,0.101968761,0.101969005
0.094828043,0.04844944,0.103558079,0.103557904,0.07759687,0.247922894,0.080190851,0.036779845,0.103558062,0.103558013
0.521030143,0.027585405,0.042514169,0.042514165,0.033853759,0.028619015,0.205097537,0.013757471,0.042514169,0.042514168
0.064301859,0.026837698,0.130340566,0.130338821,0.241592793,0.039866542,0.0775977,0.028443719,0.130340396,0.130339905
0.039285879,0.041260357,0.084974206,0.084974735,0.054065316,0.409890759,0.044319354,0.07128073,0.084974258,0.084974407
0.053360515,0.037933313,0.074859962,0.074859991,0.056457836,0.466469443,0.052121425,0.034217578,0.074859965,0.074859973
0.043782001,0.029885659,0.143266433,0.143266215,0.096847213,0.168672175,0.046951317,0.040796225,0.143266411,0.14326635
0.029897191,0.026774663,0.064950778,0.064951052,0.043623452,0.567733328,0.03221783,0.039950021,0.064950805,0.064950882
0.132194637,0.064046874,0.075986542,0.075986477,0.073221281,0.043767462,0.347120036,0.03570364,0.075986535,0.075986517
0.043033799,0.079115982,0.09024262,0.090243484,0.05323741,0.123950083,0.054803785,0.284887186,0.090242704,0.090242947
0.095946955,0.056042869,0.131338158,0.131338237,0.102485221,0.074355971,0.096362096,0.049454139,0.131338166,0.131338188
0.049113257,0.027544314,0.158931226,0.158930112,0.146578988,0.042724841,0.05593598,0.042379362,0.158931117,0.158930804
0.025551965,0.012694934,0.085565113,0.085563653,0.541472473,0.029341281,0.030225345,0.018455704,0.085564971,0.08556456
0.057251778,0.035737272,0.082378738,0.082378672,0.062526288,0.428918352,0.053245992,0.032805464,0.082378731,0.082378713
0.11158139,0.05497874,0.100571547,0.100572251,0.05761786,0.245310481,0.086370553,0.04185375,0.100571616,0.100571814
0.099388738,0.126108178,0.099572559,0.099573074,0.06332911,0.09875046,0.145284872,0.068847644,0.09957261,0.099572754
0.048248235,0.025562862,0.14819679,0.14819554,0.167551491,0.078616255,0.050641034,0.03659481,0.148196668,0.148196316
0.352654148,0.053920075,0.071416652,0.071416998,0.048190691,0.077165368,0.153512586,0.028890012,0.071416686,0.071416783
0.075349673,0.042496146,0.130787221,0.130786048,0.129698878,0.112053267,0.080266094,0.036988791,0.130787106,0.130786776
0.043893428,0.019716862,0.149804245,0.149802697,0.219733093,0.03835862,0.050778991,0.028304311,0.149804094,0.149803658
0.098489762,0.136201719,0.098320805,0.098321341,0.063729363,0.082903547,0.147018802,0.078372796,0.098320857,0.098321008
0.59117707,0.033265623,0.039945845,0.039945963,0.028827673,0.033130131,0.138338257,0.015477691,0.039945857,0.03994589
0.056569594,0.533464519,0.048538628,0.048538974,0.03116006,0.049658109,0.069917266,0.06507543,0.048538662,0.048538759
0.018149691,0.036470331,0.035659519,0.035659758,0.025148847,0.02678399,0.02413846,0.726670251,0.035659543,0.03565961
0.325443617,0.051537268,0.07353414,0.073534343,0.049198055,0.07874078,0.176770533,0.024172887,0.07353416,0.073534217
0.033328129,0.027683818,0.077331894,0.077332153,0.054002474,0.496036797,0.036018958,0.043601864,0.07733192,0.077331993
0.077279631,0.04103597,0.13879455,0.138795345,0.077602411,0.134884627,0.075871804,0.038146185,0.138794627,0.138794851
0.144617656,0.049989625,0.079472361,0.079472188,0.081243033,0.041292448,0.333917768,0.031050279,0.079472344,0.079472296
0.034832061,0.025700911,0.179699041,0.179701951,0.068052187,0.055767835,0.040008904,0.056837643,0.179699324,0.179700143
0.106197439,0.113767768,0.101520475,0.101521031,0.063505658,0.092169062,0.152552082,0.065725269,0.101520529,0.101520686
0.040096544,0.03287737,0.164072206,0.164073989,0.078360581,0.05696865,0.046874742,0.088530656,0.16407238,0.164072881
0.059115885,0.034432983,0.079358207,0.079358296,0.055685786,0.451029233,0.051282418,0.031020736,0.079358216,0.079358241
0.086001409,0.052916198,0.136367679,0.136367542,0.113129693,0.062044457,0.090684869,0.04975286,0.136367666,0.136367627
0.060970109,0.112581748,0.093253039,0.093253953,0.056372118,0.127933149,0.076391864,0.192737507,0.093253128,0.093253385
0.035733724,0.020038413,0.150532326,0.150529917,0.213706651,0.058271284,0.040351342,0.029772838,0.150532091,0.150531414
0.142298386,0.077334239,0.101347387,0.101347516,0.073224056,0.135785281,0.121887573,0.044080726,0.1013474,0.101347436
0.323179159,0.057947281,0.074315892,0.074316346,0.048975292,0.072137888,0.168042202,0.032453939,0.074315936,0.074316064
0.040768034,0.086042407,0.069015015,0.069015657,0.043660986,0.068591973,0.052914701,0.431960891,0.069015078,0.069015258
0.138898505,0.122344715,0.087699576,0.087699944,0.056174404,0.111144354,0.1757198,0.044919374,0.087699612,0.087699715
0.049500094,0.031369208,0.170635226,0.170637027,0.082461141,0.040856012,0.059363898,0.053906084,0.170635401,0.170635908
0.234854879,0.0340968,0.095010693,0.095010462,0.083460594,0.041134261,0.201952122,0.024458912,0.095010671,0.095010606
0.063956067,0.043963079,0.081604171,0.081604177,0.058745251,0.411082224,0.060409628,0.035427061,0.081604171,0.081604173
0.157248031,0.062470143,0.050269292,0.050269396,0.039638621,0.033782644,0.482421792,0.023361448,0.050269302,0.050269332
0.081489674,0.043170267,0.127190455,0.127189128,0.148136212,0.093370927,0.088760241,0.036312816,0.127190326,0.127189953
0.056469108,0.116032691,0.09087536,0.090875873,0.065920694,0.097344324,0.068906815,0.231824171,0.09087541,0.090875554
0.291943275,0.036628589,0.089772051,0.089772122,0.065497311,0.04443283,0.1771848,0.025224884,0.089772058,0.089772078
0.641625719,0.029022902,0.03562365,0.035623732,0.025899371,0.028600361,0.118664505,0.013692419,0.035623658,0.035623681
0.043799221,0.024832718,0.140324687,0.140322664,0.222639814,0.063247481,0.050059208,0.034125798,0.140324489,0.14032392
0.254301667,0.038026419,0.092870726,0.092870683,0.073463928,0.041140976,0.195000593,0.026583575,0.092870722,0.09287071
0.167239775,0.027457283,0.038091097,0.038091182,0.028486055,0.022684211,0.588229959,0.013538204,0.038091105,0.038091129
0.373898133,0.035422028,0.079367716,0.079367892,0.053657182,0.041162768,0.155906497,0.022482267,0.079367733,0.079367783
0.728109428,0.018597785,0.025565037,0.025565078,0.018647601,0.017160113,0.106452969,0.008771895,0.025565041,0.025565053
0.049250815,0.092075866,0.088365315,0.088366091,0.055137577,0.12367345,0.063190724,0.263209162,0.088365391,0.088365609
0.032875625,0.06090869,0.066331417,0.066331783,0.047832026,0.046431265,0.042584349,0.504041836,0.066331453,0.066331556
0.186799094,0.042910016,0.04488608,0.044886094,0.038111401,0.030794845,0.503565567,0.018274735,0.044886082,0.044886085
0.051966309,0.149325842,0.075722115,0.075722713,0.049552865,0.07128008,0.066838748,0.308146814,0.075722173,0.075722341
0.029411197,0.016090953,0.095528143,0.095526582,0.474624424,0.037259849,0.037573294,0.022930016,0.095527991,0.095527552
0.525958512,0.042258724,0.048846117,0.048846289,0.033992732,0.04161019,0.140558578,0.020236544,0.048846133,0.048846182
0.029299743,0.015426196,0.085232807,0.085231431,0.523165618,0.032417275,0.037044596,0.021717375,0.085232673,0.085232286
0.161482958,0.038711097,0.08273055,0.082730594,0.073062892,0.041331734,0.32761457,0.026874484,0.082730555,0.082730567
0.023581628,0.045875139,0.045282218,0.045282619,0.029196831,0.043908116,0.030901592,0.645407231,0.045282257,0.04528237
0.551383028,0.028905874,0.040551681,0.040551707,0.031130755,0.024403938,0.188215242,0.0137544,0.040551684,0.040551691
0.035715977,0.019369479,0.097557932,0.097556512,0.433275351,0.050762337,0.044317658,0.026329567,0.097557794,0.097557394
0.073616968,0.287461875,0.077268103,0.077268483,0.05372324,0.086787252,0.100345692,0.088992001,0.07726814,0.077268247
0.057947045,0.111179676,0.095149156,0.095149643,0.071784614,0.102791755,0.073126833,0.202572733,0.095149204,0.095149341
0.06683508,0.037353445,0.128263656,0.128262339,0.193268554,0.081572436,0.068853684,0.039064121,0.128263527,0.128263157
0.081957037,0.04753143,0.126377065,0.126376241,0.112194627,0.1301512,0.083086776,0.039571888,0.126376985,0.126376753
0.037453389,0.01956873,0.113335212,0.113333571,0.365690122,0.047631968,0.04836888,0.027948487,0.113335052,0.11333459
0.038068915,0.019722011,0.13475738,0.134755175,0.276828202,0.05823989,0.041799937,0.02631478,0.134757165,0.134756545
0.051725803,0.610199741,0.037997198,0.037997364,0.028010236,0.037770906,0.075842893,0.044461386,0.037997214,0.037997261
0.072113794,0.046200994,0.089048927,0.089048874,0.065342198,0.356912141,0.067225337,0.036009906,0.089048922,0.089048907
0.043636385,0.083053983,0.082865594,0.082866353,0.051248466,0.106286554,0.055933616,0.328377501,0.082865668,0.082865881
0.055454244,0.043785604,0.158009943,0.158012113,0.06953116,0.053173708,0.068279132,0.077733176,0.158010155,0.158010765
0.052333335,0.03187028,0.165724227,0.165727009,0.067470564,0.079618832,0.053880802,0.051925172,0.165724498,0.165725281
0.1954561,0.034993575,0.039753297,0.039753386,0.02991186,0.025760173,0.539655015,0.015209956,0.039753306,0.039753331
0.027256722,0.021921951,0.050199466,0.050199722,0.031510596,0.664758363,0.027940416,0.02581371,0.050199491,0.050199563
0.042188768,0.022710276,0.13167862,0.131676546,0.27915808,0.053711003,0.045732658,0.029787797,0.131678418,0.131677834
0.060962043,0.047427618,0.150039225,0.150041299,0.072725355,0.065130616,0.06976093,0.083833476,0.150039427,0.15004001
0.023774592,0.019208758,0.043884925,0.043885078,0.029436555,0.704922527,0.024606402,0.02251124,0.04388494,0.043884983
0.042534444,0.025620591,0.099932785,0.099932621,0.078870866,0.377841865,0.042289502,0.033111833,0.099932769,0.099932723
0.029950975,0.015196027,0.098330007,0.09832838,0.465378671,0.036719135,0.037170985,0.022266578,0.098329849,0.098329391
0.107734948,0.156240857,0.092204065,0.0922046,0.057420485,0.094678784,0.149490063,0.065617811,0.092204118,0.092204268
0.109769977,0.042557535,0.126671806,0.126671451,0.115123164,0.050823611,0.136289459,0.038749554,0.126671772,0.126671672
0.066657305,0.162707697,0.090066269,0.090066456,0.07685849,0.089509891,0.087140804,0.15686046,0.090066287,0.09006634
0.054536958,0.050184654,0.150494855,0.150496558,0.072149334,0.063071223,0.065181713,0.092894184,0.150495021,0.1504955
0.058810871,0.035722097,0.146020248,0.146019621,0.128060688,0.087607013,0.061677451,0.044041813,0.146020187,0.146020011
0.065183326,0.222486546,0.083540255,0.083540661,0.058562065,0.107179188,0.082405361,0.130021895,0.083540294,0.083540409
0.235435652,0.114884096,0.062046657,0.062047076,0.040126153,0.05332106,0.272094271,0.035951521,0.062046698,0.062046816
0.044371184,0.021755521,0.122034062,0.12203216,0.325714486,0.041695029,0.050132716,0.028197624,0.122033877,0.122033342
0.072126141,0.112636291,0.099670804,0.099671769,0.059444871,0.139243392,0.088215598,0.129649067,0.099670898,0.09967117
0.144675785,0.089168585,0.074463418,0.074463445,0.063841693,0.055594724,0.312506561,0.036358941,0.07446342,0.074463428
0.051004189,0.024404332,0.116780829,0.116778882,0.309470428,0.066209104,0.055644514,0.026146991,0.116780639,0.116780092
0.037828738,0.733395464,0.026058328,0.026058505,0.017069178,0.025663271,0.049304591,0.032505183,0.026058346,0.026058395
0.161330199,0.046584999,0.042728096,0.042728274,0.030020441,0.025722379,0.546076687,0.019352649,0.042728113,0.042728163
0.173270509,0.04444258,0.042541363,0.042541502,0.030383992,0.028114869,0.535976855,0.017645537,0.042541376,0.042541415
0.062304146,0.52665187,0.046916802,0.046917054,0.032216743,0.04457661,0.093432638,0.053150413,0.046916827,0.046916898
0.092373047,0.109097097,0.103962913,0.103963669,0.060806546,0.128387126,0.121782557,0.071700856,0.103962987,0.1039632
0.036127917,0.027634589,0.064208103,0.064208383,0.041830946,0.569107249,0.036725848,0.031740626,0.06420813,0.064208209
0.034871257,0.016160534,0.087594139,0.087592645,0.503620416,0.033258959,0.041306799,0.020407684,0.087593994,0.087593573
0.070968236,0.046535159,0.14975881,0.149760938,0.072062968,0.063913939,0.077596891,0.069884426,0.149759017,0.149759616
0.147488647,0.095407353,0.052542408,0.052542724,0.034612607,0.037902872,0.445273195,0.029145227,0.052542439,0.052542528
0.722810016,0.017693226,0.024349491,0.024349517,0.018110249,0.017841577,0.117987606,0.008159325,0.024349493,0.024349501
0.067890279,0.181589992,0.088362017,0.088362431,0.063724176,0.124861377,0.082520595,0.125964902,0.088362057,0.088362174
0.045716992,0.041749351,0.106704943,0.106705665,0.068541101,0.27985506,0.05029863,0.087018029,0.106705013,0.106705216
