C1,C2,C3,C4,C5,C6,C7,C8
0.132375691,0.248448991,0.072631924,0.016167276,0.221974049,0.015838928,0.080802226,0.211760915
0.102854877,0.109346126,0.065926069,0.006761853,0.623337881,0.009740636,0.025480096,0.056552463
0.186267364,0.183077082,0.086505593,0.012801345,0.370540772,0.017046161,0.045659274,0.098102408
0.098718688,0.430038432,0.020652437,0.009784967,0.055195734,0.006077207,0.051408991,0.328123545
0.040362934,0.082405546,0.02677757,0.024981493,0.042825795,0.009977515,0.459728303,0.312940843
0.201904181,0.358434043,0.043330214,0.009826977,0.201096919,0.009645856,0.042302651,0.133459159
0.128052563,0.438235474,0.033560174,0.009527931,0.12039033,0.007813447,0.048032785,0.214387296
0.162957627,0.203017808,0.050383747,0.00713328,0.46259367,0.008566411,0.028421852,0.076925605
0.436522634,0.288835508,0.025083189,0.005037498,0.164601407,0.005296486,0.018646304,0.055976975
0.025959003,0.025871218,0.774507815,0.00472143,0.12045479,0.014458748,0.013869556,0.020157439
0.088863201,0.072111127,0.090583295,0.006038835,0.674477432,0.010723481,0.01928924,0.037913389
0.084977067,0.552946402,0.015299541,0.006699209,0.044950405,0.004289165,0.034923715,0.255914497
0.052664646,0.078778389,0.062524967,0.122763274,0.065943485,0.035853295,0.435293497,0.146178447
0.076613864,0.125516661,0.111621322,0.044857113,0.123998399,0.035494236,0.262475502,0.219422905
0.059942287,0.098516078,0.07276445,0.053216422,0.08449058,0.029054085,0.401588328,0.20042777
0.110464075,0.740956727,0.010757966,0.003863005,0.037777378,0.002863311,0.016643207,0.07667433
0.070902122,0.047292183,0.074916073,0.004401598,0.756098005,0.008672097,0.013116624,0.024601297
0.422223312,0.295068624,0.029862949,0.007547043,0.133154799,0.007408783,0.027202028,0.077532462
0.072303875,0.151963664,0.05630692,0.023826154,0.099514668,0.015922983,0.209155728,0.371006009
0.21964104,0.290349764,0.049024365,0.008580036,0.292362749,0.009308854,0.033748651,0.096984541
0.038074434,0.114856489,0.014643986,0.008290603,0.033158669,0.004487442,0.067875986,0.71861239
0.608766563,0.27699842,0.011455918,0.003644694,0.042876741,0.003102068,0.01266708,0.040488516
0.039440146,0.065065292,0.028052103,0.107793568,0.037453161,0.014563603,0.556849554,0.150782573
0.084475262,0.095594357,0.152236471,0.095993931,0.115314447,0.211980256,0.13440028,0.110004997
0.070472111,0.11251827,0.09812564,0.051142296,0.10795927,0.036628566,0.319281928,0.203871919
0.085267295,0.22152414,0.04155375,0.015847262,0.098284533,0.010943125,0.104943564,0.421636332
0.056660616,0.87698173,0.004558372,0.001766783,0.015301483,0.001264288,0.007516865,0.035949863
0.089472413,0.409039763,0.01722945,0.009201011,0.045824173,0.00522808,0.048462921,0.375542189
0.053090598,0.051799689,0.500368012,0.018042044,0.119915645,0.17121604,0.039567044,0.046000928
0.02548942,0.036464814,0.020357106,0.667895263,0.024482827,0.01308837,0.148485089,0.063737111
0.075037152,0.156633855,0.054742103,0.025215227,0.096254166,0.01581602,0.205563372,0.370738106
0.877685157,0.057877351,0.007116624,0.001596621,0.035168128,0.001712809,0.005174188,0.013669122
0.045018315,0.105107131,0.018640715,0.02005957,0.034837448,0.006954298,0.184532755,0.584849769
0.012203504,0.021123137,0.0093317,0.025686255,0.012397473,0.004509115,0.858107892,0.056640924
0.841329174,0.073818232,0.010270028,0.002597975,0.041417167,0.002670711,0.007907406,0.019989307
0.126714435,0.070632783,0.060797159,0.005179329,0.680619086,0.008763749,0.015606424,0.031687035
0.020250256,0.034835247,0.014473093,0.041205666,0.019924378,0.00699987,0.769172453,0.093139037
0.096601939,0.149722877,0.165024867,0.025421877,0.230570884,0.032051481,0.121442769,0.179163305
0.054160605,0.051085474,0.575118865,0.00977256,0.211509228,0.032065595,0.027205699,0.039081973
0.028130317,0.036548464,0.024227077,0.722167953,0.027144089,0.018582605,0.089825535,0.05337396
0.051483595,0.096432161,0.031436226,0.04324234,0.048224998,0.013404001,0.442040697,0.273735982
0.033273478,0.08838381,0.015441823,0.010195404,0.031073179,0.00495992,0.104684382,0.711988004
0.092242347,0.118313995,0.224500438,0.015512397,0.365317143,0.025573817,0.058937445,0.099602418
0.03970756,0.035650989,0.713604662,0.008615403,0.112953266,0.041185153,0.020564864,0.027718103
0.119539717,0.171950856,0.082251953,0.010095177,0.459313257,0.012732365,0.042304199,0.101812475
0.062776943,0.061848852,0.482336712,0.019687897,0.147234129,0.12556852,0.045929866,0.054617082
0.019212422,0.017957798,0.85280084,0.004119044,0.062764857,0.01838524,0.010548343,0.014211457
0.082367573,0.088422396,0.134186403,0.113107166,0.102571331,0.270315269,0.112366282,0.096663579
0.121045822,0.202674242,0.093687497,0.013704333,0.338208611,0.015863144,0.062926081,0.151890271
0.044983497,0.044659975,0.346400407,0.018464597,0.092533755,0.374696665,0.037129415,0.04113169
0.467068559,0.39125809,0.013634571,0.004453962,0.050519446,0.003711389,0.015993915,0.053360068
0.491030679,0.161644485,0.031681621,0.005261239,0.241656569,0.006327082,0.017586397,0.044811929
0.03227611,0.04714897,0.027854158,0.512508086,0.032683024,0.017610526,0.243580608,0.086338518
0.091932036,0.062642478,0.116624574,0.006466371,0.655912025,0.013594969,0.018760673,0.034066874
0.036964711,0.069608731,0.019776334,0.045544591,0.030954449,0.008861584,0.556259629,0.23202997
0.602351059,0.217418992,0.016904322,0.003565068,0.104908222,0.003720636,0.012835289,0.038296412
0.048853376,0.048203016,0.19541085,0.023264591,0.086369985,0.510683176,0.042057098,0.045157908
0.071003847,0.06454184,0.091693981,0.005924241,0.698860502,0.010705498,0.019625719,0.037644372
0.095089695,0.470263237,0.016157657,0.008583002,0.044109328,0.004947542,0.04347515,0.31737439
0.219763093,0.189512974,0.040885209,0.006013243,0.454299596,0.007286522,0.022392601,0.059846763
0.211080194,0.337656087,0.044110147,0.008513101,0.24798497,0.008793445,0.034590238,0.107271819
0.074629891,0.079996186,0.136558723,0.093602305,0.097110172,0.331406583,0.099871373,0.086824768
0.212011495,0.311575205,0.04457137,0.007954404,0.285846408,0.008768895,0.032308777,0.096963446
0.0662352,0.076338471,0.41654706,0.012644516,0.291846353,0.029060377,0.042997222,0.064330802
0.718136375,0.181929124,0.010487795,0.002857949,0.044226339,0.002663447,0.009846011,0.029852959
0.054305215,0.053092933,0.159869649,0.030804828,0.084154753,0.519792795,0.047838403,0.050141425
0.442383457,0.147105581,0.051192487,0.008105997,0.263236682,0.010706467,0.023917872,0.053351456
0.079129117,0.137361405,0.099534311,0.036130265,0.129479004,0.028407963,0.240379643,0.249578293
0.428528213,0.203035734,0.045824304,0.009136188,0.203193735,0.010814366,0.029433656,0.070033803
0.237766077,0.621541238,0.01182558,0.004187487,0.043031986,0.003249891,0.016207504,0.062190237
0.094563128,0.220006912,0.032908826,0.023517138,0.066497754,0.011517935,0.130473864,0.420514443
0.104809281,0.135126213,0.154788642,0.060139361,0.151395392,0.064786463,0.165966279,0.16298837
0.375574848,0.281343776,0.042359191,0.01120646,0.145214367,0.01120779,0.037232752,0.095860815
0.062751593,0.13310907,0.040755424,0.026787927,0.068094926,0.013692362,0.262012073,0.392796625
0.153234176,0.205142617,0.056518074,0.007976958,0.448014315,0.009544771,0.032688433,0.086880657
0.050344014,0.123101993,0.016959529,0.01895772,0.03306249,0.006487025,0.135767999,0.61531923
0.423742731,0.188033564,0.053547983,0.010017885,0.212952584,0.012371348,0.030452175,0.06888173
0.054224985,0.059551299,0.451569258,0.025224671,0.117617647,0.174886704,0.05702218,0.059903255
0.071253016,0.819244291,0.006702685,0.002846754,0.021295998,0.001920341,0.012388878,0.064348037
0.842074167,0.066574876,0.010452047,0.002244132,0.051440089,0.002494485,0.007021106,0.017699099
0.412829757,0.443311251,0.013545461,0.004274212,0.052746775,0.003559654,0.015689325,0.054043565
0.085675313,0.064187308,0.244874897,0.008307605,0.514284181,0.020769177,0.023046922,0.038854598
0.113175277,0.160433775,0.107400155,0.012464386,0.422357613,0.016482397,0.053380472,0.114305925
0.034220274,0.085856584,0.012729555,0.013484728,0.024637916,0.004732547,0.121450561,0.702887835
0.118236487,0.540450213,0.023451197,0.007486164,0.083031824,0.005833019,0.036700021,0.184811075
0.093017756,0.094441624,0.148019166,0.090266831,0.113981686,0.263757469,0.100616011,0.095899458
0.092586678,0.095691944,0.144411967,0.093471325,0.11444326,0.252859585,0.107112449,0.099422792
0.046270326,0.06320765,0.043579978,0.455627494,0.04809302,0.031287349,0.210916822,0.10101736
0.254842346,0.379733577,0.037888436,0.013560563,0.10773443,0.01083661,0.04935258,0.146051458
0.019516708,0.039547099,0.011540179,0.016873791,0.018285948,0.004710528,0.71315676,0.176368987
0.094854159,0.713537365,0.010487349,0.004943175,0.030922947,0.003127625,0.021855915,0.120271464
0.129747723,0.391138946,0.027835491,0.013665206,0.071031546,0.00857444,0.065375903,0.292630745
0.011639592,0.0119659,0.046460476,0.006872739,0.020126563,0.879291558,0.011803544,0.011839627
0.150363696,0.166852038,0.104396776,0.07902671,0.133812809,0.058389855,0.140940793,0.166217323
0.084539247,0.078841026,0.134935829,0.008112068,0.602604401,0.015300207,0.026782397,0.048884825
0.590001337,0.12969704,0.034539123,0.006238857,0.170343625,0.007727947,0.018644968,0.042807103
0.368277649,0.13652044,0.057283926,0.00794318,0.343747295,0.011141664,0.02354869,0.051537156
0.684826033,0.141454963,0.022394151,0.006524555,0.074682599,0.006380313,0.018704458,0.045032929
0.691175826,0.139693773,0.021715287,0.006314047,0.072805533,0.006164869,0.01817049,0.043960176
0.141245233,0.679852641,0.013005232,0.00517767,0.041469866,0.003712558,0.021545214,0.093991586
0.104577497,0.14956857,0.161153191,0.017017222,0.340493147,0.02424229,0.071518565,0.13142952
0.065011064,0.053374616,0.399298663,0.007708879,0.39664594,0.021485289,0.021659079,0.034816471
0.189708757,0.101356289,0.040617892,0.004805671,0.60397887,0.006859061,0.015865235,0.036808225
0.042279,0.05420771,0.04108639,0.578562706,0.04312491,0.03421363,0.129326756,0.077198898
0.073624524,0.430804784,0.014946055,0.007113786,0.041954857,0.004324166,0.039764023,0.387467805
0.062111456,0.249488688,0.015164073,0.008621879,0.037925181,0.004651049,0.052184989,0.569852686
0.089042812,0.0568614,0.061718717,0.004616535,0.737926274,0.008249448,0.013962125,0.027622687
0.070079709,0.079158718,0.367072186,0.012067372,0.340305999,0.026827795,0.040753835,0.063734387
0.260216213,0.119745788,0.055277067,0.006893121,0.479193658,0.010089125,0.021554363,0.047030665
0.078624394,0.073845056,0.423666659,0.023516389,0.163166712,0.123343176,0.051364083,0.062473532
0.078263544,0.737075637,0.009216945,0.004272472,0.027778097,0.002717551,0.019836303,0.120839451
0.074475184,0.093741095,0.371982945,0.019660506,0.235936589,0.040995679,0.070284912,0.09292309
0.063028686,0.150126508,0.024275332,0.021535697,0.046784912,0.008906229,0.156843625,0.528499011
0.068743509,0.369442772,0.013247219,0.007404739,0.034909537,0.004112606,0.04140071,0.460738908
0.029227096,0.091550114,0.008445954,0.006765836,0.018422586,0.002904217,0.047602367,0.79508183
0.060304564,0.826459203,0.006511335,0.002738964,0.020552009,0.001842255,0.012380227,0.069211441
0.049816435,0.855219415,0.005634384,0.002167478,0.01899227,0.00153101,0.010080244,0.056558763
0.358737376,0.446308463,0.018000584,0.004287096,0.09549134,0.004095044,0.016738326,0.056341771
0.02931391,0.077070939,0.010809775,0.01051091,0.021164535,0.003941528,0.095357056,0.751831347
0.15766245,0.745051207,0.007998516,0.002791686,0.029035845,0.002175867,0.011054624,0.044229805
0.02390997,0.084846699,0.006773035,0.004628185,0.015491496,0.002201671,0.03254239,0.829606555
0.862316576,0.082876239,0.005924759,0.001668934,0.024138309,0.001561589,0.005542367,0.015971227
0.12788596,0.561584612,0.015921627,0.008588663,0.043836597,0.005011054,0.03742654,0.199744947
0.136775857,0.217269697,0.090310801,0.015421615,0.291786523,0.017546555,0.069743612,0.161145339
0.038467304,0.060222051,0.027560938,0.257815049,0.035786719,0.015479984,0.437739888,0.126928068
0.066775551,0.080366197,0.065539169,0.408576237,0.067401271,0.060352765,0.14718798,0.103800829
0.060441391,0.147977401,0.021578844,0.020409437,0.042004107,0.007992764,0.141150325,0.558445732
0.061427933,0.116197326,0.055472846,0.032422059,0.081947399,0.01829032,0.34218243,0.292059686
0.419887687,0.157928181,0.055748918,0.009635565,0.253915939,0.012766371,0.02847844,0.061638899
0.030266938,0.043589054,0.023068712,0.60736694,0.028381336,0.014511496,0.175845489,0.076970035
0.325793856,0.455724462,0.020360108,0.007454673,0.066675484,0.005861029,0.027128414,0.091001975
0.719637197,0.140793028,0.016787577,0.005171373,0.057565249,0.004777791,0.015492513,0.039775272
0.075307339,0.335543872,0.016024126,0.008775851,0.041925834,0.004900654,0.049241205,0.468281119
0.181851147,0.65193194,0.012580003,0.005118322,0.041136222,0.003620113,0.020205443,0.08355681
0.354444289,0.516137162,0.011656563,0.003876241,0.044273279,0.003133224,0.014490917,0.051988325
0.550571625,0.33565195,0.010998574,0.003422816,0.043285588,0.002903501,0.012276088,0.040889859
0.231431098,0.173359462,0.055537729,0.007762363,0.428938133,0.010259092,0.027301187,0.065410937
0.237235249,0.132950743,0.054160337,0.006878151,0.485400615,0.009584807,0.022648318,0.051141781
0.105812991,0.398581962,0.025532126,0.010100733,0.075821655,0.006932713,0.056216815,0.321001006
0.629569245,0.22022536,0.014991404,0.00362899,0.076023772,0.003579943,0.012981042,0.039000244
0.047614941,0.132983615,0.021990068,0.011305726,0.047569022,0.006463919,0.100683018,0.631389692
0.052021039,0.081252626,0.044893729,0.101715464,0.056331469,0.023619342,0.475698525,0.164467807
0.036945234,0.055886341,0.033336484,0.27568261,0.038896293,0.019975105,0.429400265,0.109877668
0.185354354,0.458864923,0.026560386,0.012295377,0.07219918,0.008196798,0.049583067,0.186945916
0.044983246,0.122770214,0.015194161,0.011998258,0.032183352,0.005233586,0.089896221,0.677740962
0.072976772,0.084967882,0.21825531,0.064260252,0.119187149,0.229474576,0.113436495,0.097441564
0.283225795,0.594862648,0.010634435,0.003605283,0.03996866,0.002867433,0.013728567,0.05110718
0.093997789,0.824548855,0.006358076,0.002097012,0.024755141,0.001659524,0.008780737,0.037802866
0.487922937,0.350367778,0.01587961,0.005715413,0.053433061,0.004565722,0.019578183,0.062537295
0.042816288,0.071478035,0.026533438,0.110114006,0.037713388,0.013367597,0.525355727,0.17262152
0.058317746,0.2127188,0.013886936,0.0091412,0.033376418,0.004521942,0.054844109,0.613192848
0.809318697,0.084736642,0.012850032,0.003150969,0.053147849,0.003324337,0.00960083,0.023870644
0.01795915,0.053557706,0.005972906,0.004884253,0.012521674,0.002050743,0.039659394,0.863394174
0.425117742,0.211708157,0.044271816,0.009594202,0.192516064,0.010834348,0.031146248,0.074811423
0.652801205,0.156428741,0.024508047,0.007429829,0.0795346,0.007106341,0.021201592,0.050989645
0.0385431,0.034471806,0.710869803,0.007030887,0.138221862,0.027002968,0.018055888,0.025803686
0.083216526,0.071115837,0.148161239,0.007494919,0.609820528,0.014662909,0.023255449,0.042272593
0.020828452,0.068808225,0.006134488,0.004607605,0.013528752,0.00206346,0.033169017,0.850859999
0.070802338,0.042436081,0.025281953,0.002426956,0.830006443,0.003740669,0.007923398,0.017382164
0.089545794,0.066686658,0.219171538,0.008279639,0.5338577,0.019686771,0.023123188,0.039648712
0.131167775,0.086546641,0.082470625,0.006822277,0.619027011,0.011479746,0.020843508,0.041642417
0.132261118,0.526523499,0.017438393,0.009421566,0.047963044,0.005494326,0.041636471,0.219261582
0.048483082,0.242248205,0.011335372,0.006119042,0.029241449,0.00341129,0.037984291,0.62117727
0.041216112,0.041198549,0.591148933,0.014506354,0.09615122,0.146732415,0.031935106,0.037111313
0.120523332,0.098100773,0.038682022,0.004420808,0.678357596,0.006116351,0.015828339,0.037970779
0.073737707,0.094856151,0.343777591,0.030956431,0.173833844,0.071522839,0.103116938,0.108198498
0.093224429,0.073134723,0.038520148,0.004006456,0.739831242,0.00585488,0.013916388,0.031511734
0.879957748,0.057716235,0.006830477,0.001550704,0.03386676,0.00163933,0.005021418,0.013417329
0.576256104,0.291285819,0.013127026,0.004554407,0.046245075,0.003703976,0.015545869,0.049281725
0.668496443,0.231487708,0.010110578,0.003189839,0.038243409,0.002728584,0.011005209,0.034738229
0.084238162,0.05994214,0.157436597,0.006762397,0.623084299,0.015299723,0.019246791,0.033989891
0.085163151,0.078364455,0.357589834,0.025573881,0.171533922,0.161101594,0.054461582,0.066211581
0.415721054,0.127770653,0.043297109,0.006203673,0.335595849,0.008453697,0.019170497,0.043787468
0.06589683,0.055901974,0.533229511,0.010145023,0.236548912,0.032826736,0.026175725,0.03927529
0.679334759,0.123301314,0.025077732,0.005303077,0.107185755,0.006051441,0.015902616,0.037843305
0.041568092,0.028718831,0.035509807,0.00233433,0.866028679,0.004228004,0.007293497,0.01431876
0.010628296,0.014789546,0.009875022,0.864186629,0.010920638,0.007073489,0.057937625,0.024588755
0.12620457,0.389885983,0.032428989,0.011348562,0.10067158,0.008555564,0.06070272,0.270202032
0.157118407,0.462800911,0.031356129,0.009140099,0.116894892,0.007657258,0.043380283,0.17165202
0.666606391,0.165360606,0.019154565,0.004689374,0.08279856,0.00483453,0.015425422,0.041130553
0.133073129,0.300820272,0.056438443,0.013250133,0.193959117,0.012141137,0.06866543,0.221652338
0.091389824,0.102412678,0.099141878,0.23517252,0.095677675,0.108819505,0.147901843,0.119484077
0.096012906,0.061923354,0.085148709,0.005673479,0.691974249,0.010967337,0.016662424,0.03163754
0.103985169,0.111761861,0.125298534,0.136500606,0.115359183,0.147403632,0.137800465,0.121890551
0.675532676,0.125624997,0.025611274,0.005635567,0.105170612,0.006307512,0.016660974,0.039456388
0.283635556,0.474389724,0.022132715,0.007201205,0.081775506,0.005983081,0.028074768,0.096807444
0.737523669,0.145411198,0.013447699,0.004107427,0.047827368,0.003749032,0.012859448,0.035074159
0.166398962,0.116338887,0.082499615,0.008155583,0.533743532,0.013058923,0.025983948,0.05382055
0.084010721,0.098542977,0.102632579,0.007888673,0.603999932,0.012339096,0.02960101,0.060985011
0.101671158,0.070884172,0.126426392,0.007465719,0.616879103,0.015540432,0.021850769,0.039282255
0.075643813,0.197629961,0.025938972,0.017265976,0.055364179,0.008778648,0.112624275,0.506754177
0.108332237,0.46813198,0.017480769,0.009828018,0.046352138,0.005484529,0.046838487,0.297551842
0.688757107,0.211515791,0.010123357,0.003073268,0.040015823,0.00268133,0.010629167,0.033204158
0.114187214,0.093324561,0.309606141,0.014847134,0.33098236,0.036218431,0.039060762,0.061773396
0.390484824,0.476503723,0.012298466,0.00391411,0.047997925,0.003239185,0.01453083,0.051030937
0.066550469,0.175806886,0.027342531,0.015917489,0.057271044,0.008714974,0.119174986,0.529221621
0.07100748,0.105005878,0.057242346,0.154613086,0.07037798,0.033013246,0.32826533,0.180474653
0.040823886,0.025632486,0.020622138,0.001697343,0.891629111,0.002806681,0.005422924,0.011365431
0.107712888,0.572770011,0.021196801,0.006889889,0.071530656,0.005261338,0.034649832,0.179988586
0.121602902,0.758074526,0.008907426,0.003336379,0.031118945,0.002453954,0.013818516,0.060687352
0.019041484,0.018083508,0.852086199,0.004583689,0.055899277,0.024311647,0.011267297,0.014726899
0.037263784,0.036658388,0.673413015,0.011528987,0.092847821,0.089952654,0.026364981,0.031970371
0.056995954,0.093103715,0.055249988,0.058373686,0.069355807,0.024768018,0.449306721,0.192846111
0.74118439,0.112919909,0.018616713,0.004769259,0.069543063,0.004949918,0.013994077,0.034022671
0.74294773,0.113851779,0.017004045,0.003816272,0.075896835,0.00409105,0.011974059,0.03041823
0.031298949,0.028295936,0.770047004,0.006780078,0.092381654,0.032730727,0.016390606,0.022075046
0.504823981,0.35046159,0.013944928,0.00489004,0.04923318,0.003920016,0.017024212,0.055702053
0.369699008,0.157176313,0.044449388,0.006606157,0.340733626,0.008645764,0.021325213,0.051364532
0.559573258,0.130368359,0.031172819,0.005113324,0.212204152,0.006444158,0.016110728,0.039013201
0.045803805,0.044859659,0.637426232,0.009114557,0.170895021,0.031233863,0.025100745,0.035566118
0.034505052,0.100149092,0.010469873,0.008824557,0.022402211,0.003672782,0.064033084,0.755943349
0.007965142,0.008291293,0.025918178,0.005691447,0.012747309,0.922177962,0.008782131,0.008426538
0.359209347,0.507469244,0.011993205,0.00410384,0.044287011,0.003273218,0.015224654,0.054439481
0.25721698,0.125929521,0.039718268,0.00525904,0.504893547,0.00710743,0.017594051,0.042281163
0.043939882,0.02999833,0.033219618,0.002307989,0.864757676,0.004077569,0.00721017,0.014488766
0.063264922,0.053706461,0.305548095,0.007106359,0.496737023,0.017952134,0.020995166,0.03468984
0.05422076,0.052904306,0.28992518,0.023529404,0.101015543,0.386177361,0.04384629,0.048381156
0.024983181,0.079107258,0.007284698,0.005763996,0.015932418,0.002494079,0.041433034,0.823001336
0.116543018,0.086357829,0.206552898,0.010880442,0.472916773,0.024538689,0.030479024,0.051731327
0.742273033,0.158046529,0.010824942,0.003425883,0.039060961,0.002995572,0.0111284,0.032244681
0.081911505,0.359438677,0.015509074,0.009451298,0.039428274,0.004961237,0.049955343,0.43934459
0.046460635,0.040075305,0.028379604,0.002471963,0.851333408,0.00377404,0.008635319,0.018869726
0.430399074,0.321693833,0.027549191,0.008514342,0.092974945,0.007545749,0.02876283,0.082560036
0.587349568,0.185075655,0.026556408,0.005731237,0.121557114,0.006238429,0.018740339,0.048751252
0.379557802,0.470191254,0.013626949,0.004896095,0.047955018,0.003812067,0.017764653,0.062196162
0.087005852,0.601532469,0.015175317,0.005982494,0.04828871,0.004102986,0.031077388,0.206834784
0.05445928,0.114949763,0.040253457,0.02440856,0.066572464,0.012913347,0.301064979,0.385378151
0.889826681,0.067875512,0.004556798,0.001322919,0.018106735,0.001214271,0.00437755,0.012719534
0.589769454,0.181761708,0.02888053,0.007835894,0.103038649,0.007880161,0.023239619,0.057593985
0.209035389,0.559567146,0.019727245,0.006983271,0.06561216,0.005450384,0.027989946,0.10563446
0.157439353,0.364299799,0.043857283,0.013675211,0.129586669,0.011376224,0.064168396,0.215597066
0.336547098,0.179647974,0.062062153,0.010587755,0.290967247,0.013850128,0.033182532,0.073155113
0.036814224,0.072007037,0.020044081,0.03536056,0.031987266,0.008477152,0.528108456,0.267201223
0.720418312,0.10748079,0.020683252,0.004330619,0.096922701,0.00497335,0.013237229,0.031953747
0.041257115,0.173221348,0.010905246,0.006086827,0.027027059,0.003341474,0.04064385,0.697517081
0.644321549,0.136544568,0.025470605,0.005259967,0.125391197,0.006051562,0.016500115,0.040460436
0.132492456,0.776748314,0.007336699,0.002575591,0.02649455,0.001975164,0.010257149,0.042120077
0.040308907,0.111500426,0.012855279,0.011199155,0.026803454,0.004611054,0.083577614,0.709144112
0.36967101,0.462375639,0.015078637,0.00578449,0.050294392,0.00435772,0.020667658,0.071770454
0.002530566,0.003492961,0.002161832,0.969906265,0.002480739,0.001514483,0.012200316,0.005712838
0.064319649,0.122751189,0.039801622,0.041316053,0.061761932,0.015827702,0.338103084,0.316118768
0.038240799,0.078591961,0.018835375,0.031135841,0.031402299,0.007828158,0.444938405,0.349027162
0.024483082,0.075989673,0.007593582,0.006010005,0.016257025,0.002591123,0.044435758,0.822639751
0.117595047,0.61139872,0.019094964,0.005974394,0.072192226,0.004723263,0.028825194,0.140196192
0.061363757,0.059127559,0.037486501,0.003462122,0.792477005,0.005102832,0.012678559,0.028301665
0.085158183,0.07031501,0.169160042,0.007921263,0.584920972,0.016560238,0.023721641,0.042242652
0.116263576,0.801846204,0.006370025,0.002312085,0.022940488,0.001748617,0.009315718,0.039203288
0.108292067,0.468967502,0.016842024,0.009907566,0.044084466,0.005400141,0.046692374,0.299813858
0.072654453,0.251566162,0.019396814,0.010535696,0.048860054,0.005960317,0.065190223,0.525836281
0.247346531,0.529405677,0.020122634,0.006713892,0.070424507,0.005469449,0.026237114,0.094280196
0.93135255,0.038744961,0.003351649,0.000932317,0.013439529,0.000886343,0.002996627,0.008296024
0.021336907,0.021566504,0.094546048,0.011300847,0.037751914,0.772768106,0.019977913,0.02075176
0.316696449,0.39340809,0.030754327,0.008922628,0.108670703,0.007967165,0.032897025,0.100683612
0.05976844,0.08977001,0.075429819,0.101192152,0.077463018,0.038907673,0.395996838,0.161472051
0.154878402,0.18545662,0.118824221,0.028811531,0.218517764,0.034872873,0.09913733,0.15950126
0.042463101,0.071558546,0.025704131,0.109484342,0.036743986,0.01291628,0.525323607,0.175806007
0.133201523,0.567590783,0.022394755,0.006812335,0.084896224,0.005486043,0.032559321,0.147059015
0.221560317,0.566201846,0.018504809,0.006247153,0.065382336,0.005010429,0.024506489,0.092586622
0.020476037,0.026674381,0.018343096,0.791437796,0.020218078,0.01435838,0.0691412,0.039351031
0.013846427,0.018322151,0.013129279,0.849451125,0.014144389,0.010211598,0.053076681,0.02781835
0.197168375,0.609386327,0.015979561,0.005239411,0.061202319,0.004210044,0.021625347,0.085188616
0.2758617,0.482847956,0.021460029,0.008470421,0.066053105,0.006311248,0.031187175,0.107808367
0.047735177,0.103219811,0.020656386,0.028372449,0.036675889,0.008236791,0.273966901,0.481136595
0.51038519,0.179507329,0.036652892,0.006831316,0.183214662,0.008020583,0.021689821,0.053698207
0.074944902,0.058177183,0.255977428,0.007507188,0.527621006,0.018693359,0.021319917,0.035759017
0.119600799,0.12066629,0.240852681,0.033667352,0.210445415,0.085719818,0.083841599,0.105206046
0.062630717,0.054381761,0.566537708,0.010725622,0.201481925,0.03716177,0.027491503,0.039588993
0.037186104,0.090817218,0.014667798,0.015474093,0.027866637,0.005477484,0.150170193,0.658340474
0.0748456,0.091681618,0.392137713,0.019547393,0.226459027,0.041401134,0.065960174,0.087967342
0.080279383,0.314999637,0.016156952,0.01053776,0.039546696,0.005288993,0.05569115,0.477499429
0.544344932,0.277852123,0.019064803,0.006344066,0.064557754,0.00540623,0.020955321,0.061474771
0.758597034,0.110446185,0.015485939,0.003819189,0.065401371,0.003996016,0.011947097,0.030307168
0.33963388,0.141259577,0.060860583,0.008582793,0.355573508,0.012188959,0.026050033,0.055850666
0.03929448,0.060642926,0.028042526,0.303889743,0.036334148,0.016093718,0.391751685,0.123950774
0.804256588,0.087952903,0.013386925,0.003422492,0.051980941,0.00354437,0.010213283,0.025242498
0.722375557,0.126621544,0.019135963,0.005489453,0.066097902,0.005404752,0.015966747,0.038908082
0.003998788,0.007306546,0.002824422,0.005977803,0.003983938,0.001271331,0.951615605,0.023021564
0.2058394,0.25854717,0.062746134,0.032661125,0.124690039,0.022926467,0.097431986,0.195157679
0.102916138,0.623048873,0.014744374,0.00651656,0.043417109,0.004293972,0.030863647,0.174199325
0.081045839,0.176753838,0.059431059,0.021104557,0.116751203,0.015449003,0.159436459,0.370028042
0.94609356,0.029704709,0.002670002,0.000694481,0.011609903,0.000681298,0.002268266,0.00627778
0.132874511,0.362185816,0.042557873,0.011326135,0.153140381,0.009823478,0.059117944,0.228973863
0.000889099,0.001212188,0.000784517,0.989704626,0.000882739,0.000568522,0.004019246,0.001939063
0.0509985,0.093944816,0.028397018,0.054748307,0.043606068,0.012841471,0.451999254,0.263464567
0.054470843,0.067017191,0.055632941,0.488258885,0.056379313,0.050909015,0.137480174,0.089851638
0.03696998,0.054458351,0.028387224,0.474996612,0.035087828,0.017204715,0.252478518,0.100416771
0.385222429,0.484279747,0.011901045,0.003968186,0.044970619,0.003231473,0.014620828,0.051805672
0.08778781,0.263247085,0.024090775,0.014832566,0.054911067,0.007873654,0.083735067,0.463521976
0.072083511,0.243630617,0.016709746,0.011577918,0.039396892,0.005552789,0.064645945,0.546402583
0.033981051,0.048557469,0.025355423,0.583250421,0.031398969,0.015954595,0.177496253,0.084005817
0.906791363,0.04727342,0.00521927,0.001308163,0.022795662,0.001321946,0.004166998,0.011123179
0.601416826,0.294719424,0.010050415,0.00274027,0.045401383,0.00250107,0.01006268,0.033107932
0.799641662,0.096960797,0.011410991,0.002511004,0.056426462,0.002691053,0.008250028,0.022108002
0.058125458,0.049652465,0.122370913,0.005269367,0.707182176,0.011016008,0.016585323,0.02979829
0.040772823,0.095257029,0.020523062,0.01795641,0.037286442,0.007181208,0.2207665,0.560256525
0.304790868,0.486297614,0.019570386,0.004970648,0.09356231,0.004556222,0.019311408,0.066940543
0.013704347,0.040183042,0.004817409,0.003929283,0.009976528,0.001648944,0.034302852,0.891437595
0.234061825,0.400089149,0.033463814,0.00675307,0.20099453,0.006853369,0.027417143,0.090367099
0.134490748,0.14016936,0.049066163,0.00598953,0.583532875,0.007733896,0.022488647,0.05652878
0.737131467,0.114455886,0.019033586,0.004958176,0.069835773,0.005116786,0.014481783,0.034986542
0.073228944,0.198831268,0.033760725,0.014068917,0.080031099,0.009293284,0.103588457,0.487197305
0.005615345,0.005513551,0.954726826,0.001220281,0.020235635,0.004931101,0.003290777,0.004466485
0.103968306,0.066643392,0.044916757,0.004213957,0.731257744,0.006599295,0.013456646,0.028943904
0.122483251,0.099450106,0.175844785,0.011290818,0.477183532,0.022011222,0.032782644,0.058953641
0.064579107,0.057908309,0.555865084,0.014400453,0.16518491,0.063336552,0.033545115,0.045180469
0.157276851,0.103460786,0.125702844,0.01057703,0.496632615,0.020301025,0.03042821,0.05562064
0.0089868,0.009119191,0.926958244,0.002123207,0.030829219,0.008516766,0.005806087,0.007660486
0.029327371,0.099692249,0.008462841,0.005767315,0.019409984,0.002757995,0.040766962,0.793815282
0.418126519,0.440935264,0.013245472,0.004189607,0.051589256,0.003485677,0.015399813,0.053028392
0.103365073,0.0897271,0.34862655,0.018912012,0.261806684,0.063213856,0.047370085,0.066978641
0.25885134,0.3108526,0.049753629,0.01914284,0.12467916,0.015452636,0.063498638,0.157769156
0.02126158,0.03696698,0.015893673,0.041076686,0.02139507,0.007473312,0.756906182,0.099026518
0.104227401,0.095505268,0.352085252,0.021396757,0.239010754,0.062891285,0.051526442,0.073356842
0.105849278,0.766495162,0.008958727,0.00359672,0.028845967,0.002540503,0.015009249,0.068704394
0.148982635,0.521280903,0.027618893,0.007688877,0.105771935,0.006430691,0.035578155,0.146647912
0.116244876,0.092002761,0.218485625,0.012462788,0.43788017,0.029067354,0.035470735,0.058385691
0.348832644,0.537130872,0.010257303,0.003441876,0.038382617,0.002775939,0.012832763,0.046345985
0.643744545,0.119960374,0.02635312,0.004761073,0.148878475,0.005755313,0.014829646,0.035717453
0.051969472,0.814430296,0.006999195,0.002747445,0.022938651,0.00190411,0.013429915,0.085580916
0.075408851,0.079294582,0.342771947,0.030413817,0.155534556,0.171424622,0.068920899,0.076230726
0.841892331,0.072163294,0.010166568,0.002452322,0.043865001,0.002582472,0.007601357,0.019276655
0.09816729,0.800051214,0.008192776,0.002500606,0.032652276,0.002037323,0.010704972,0.045693543
0.047622069,0.19411329,0.012060099,0.007274759,0.02912603,0.003785074,0.04505456,0.660964119
0.13101385,0.268973423,0.065146773,0.017988274,0.16481518,0.015068614,0.088835368,0.248158519
0.030721745,0.060553995,0.016449953,0.030407064,0.026372337,0.007059925,0.588464523,0.239970458
0.109402455,0.120875769,0.116290361,0.145952979,0.114332914,0.110664152,0.148791614,0.133689756
0.76185706,0.151850732,0.009176779,0.002797779,0.03476101,0.002490883,0.009336765,0.027728993
0.741433492,0.11491063,0.018328675,0.004923334,0.066094805,0.004997402,0.014385924,0.034925737
0.061695209,0.178285541,0.019801665,0.013687193,0.042534583,0.006641234,0.091080876,0.586273699
0.530073269,0.290129855,0.019125236,0.004993399,0.080362574,0.004729097,0.017579498,0.053007071
0.081044883,0.809233083,0.008230549,0.002673814,0.03053398,0.002094329,0.011834608,0.054354755
0.047548246,0.051880049,0.537860666,0.019933846,0.110510088,0.133664786,0.047424606,0.051177714
0.040935891,0.092736887,0.017287711,0.021269342,0.031578868,0.006744695,0.23604947,0.553397135
0.090520378,0.09164747,0.165729679,0.073590995,0.117885107,0.276577559,0.092643677,0.091405134
0.105443703,0.221099445,0.037685655,0.028885263,0.073572145,0.013728772,0.144550713,0.375034304
0.036021225,0.061431115,0.035865961,0.045482087,0.044307827,0.015670109,0.61293743,0.148284247
0.097038698,0.444272413,0.016622287,0.009265412,0.044375955,0.005185344,0.046606391,0.336633499
0.203819495,0.486597517,0.025763299,0.010239666,0.075875053,0.007482259,0.040825419,0.149397292
0.268485055,0.210449379,0.091841505,0.024564274,0.191112175,0.028267521,0.064796513,0.120483579
0.38336417,0.245421164,0.050784637,0.012646821,0.1621393,0.013308756,0.039317997,0.093017155
0.187805266,0.104387919,0.080961398,0.007995132,0.534595857,0.013178188,0.023482377,0.047593862
0.061100477,0.039854354,0.036299651,0.002848158,0.827690242,0.004804923,0.008971126,0.018431069
0.370146257,0.129223418,0.052249354,0.007266159,0.360874059,0.010319731,0.021822815,0.048098206
0.070558395,0.066309141,0.490315176,0.019403952,0.159153987,0.096358534,0.042986302,0.054914513
0.873710406,0.07093572,0.006289325,0.001801563,0.024106264,0.001689418,0.00572399,0.015743314
0.355739936,0.139457559,0.052061535,0.007204896,0.363412112,0.009836623,0.022141369,0.05014597
0.071654064,0.059744484,0.196343998,0.006850581,0.593579855,0.015123072,0.020592011,0.036111934
0.042189812,0.069930872,0.046753332,0.056745551,0.054010818,0.020977254,0.553904495,0.155487867
0.949142105,0.028594736,0.00245485,0.000649629,0.010502375,0.000631396,0.002114795,0.005910114
0.021248266,0.021268511,0.827408511,0.005528514,0.064548213,0.027730398,0.014134327,0.01813326
0.885212159,0.067036022,0.0052985,0.001524967,0.020687419,0.001413719,0.004932758,0.013894456
0.044248848,0.040113671,0.679328004,0.00954123,0.128288498,0.044143155,0.023047797,0.031288798
0.755638748,0.109947622,0.0170661,0.004599089,0.061707626,0.004655042,0.013479479,0.032906294
0.078136076,0.066101792,0.478447571,0.012378823,0.247876481,0.038947246,0.031405429,0.046706582
0.110821766,0.306907413,0.032725651,0.014865983,0.082969035,0.009811371,0.082702009,0.359196771
0.715310471,0.122036537,0.021129478,0.005533149,0.075971592,0.005721385,0.016014512,0.038282875
0.055145278,0.11996516,0.021444013,0.030391666,0.038826503,0.008664425,0.228397416,0.497165539
0.121828305,0.103280885,0.308062276,0.019247539,0.279560535,0.04755971,0.04800118,0.072459569
0.21931897,0.174539156,0.121742158,0.026162475,0.237143634,0.038684715,0.068710301,0.113698591
0.652829276,0.133000867,0.026833193,0.005968011,0.114155809,0.006758129,0.017963384,0.042491332
0.022217749,0.060890751,0.007866014,0.007135063,0.015947183,0.002802866,0.063540876,0.819599499
0.694004617,0.193000517,0.011926259,0.00393048,0.042571837,0.003341455,0.012917125,0.03830771
0.872074084,0.06337839,0.00762,0.001985185,0.030778204,0.00198471,0.006157288,0.016022139
0.697809532,0.172287519,0.01385492,0.003436921,0.063734754,0.003349966,0.011677196,0.033849193
0.837506132,0.086313022,0.00887062,0.002534806,0.033442464,0.00240093,0.007880067,0.021051959
0.162727466,0.11517164,0.039914245,0.004948647,0.611066513,0.006702832,0.017370673,0.042097984
0.111917726,0.783645174,0.007631173,0.002945027,0.026188262,0.002136035,0.012103084,0.053433519
0.766982785,0.133336058,0.011175716,0.00352567,0.039843521,0.00313674,0.011125019,0.030874492
0.040721818,0.093749157,0.016929014,0.020862958,0.030898444,0.006531643,0.214433967,0.575872998
0.506761126,0.339527322,0.014943891,0.005397678,0.051104693,0.004272352,0.01850567,0.059487268
0.03307743,0.049053127,0.027073379,0.466470117,0.032689488,0.016608923,0.282228153,0.092799384
0.055603822,0.13167422,0.021530471,0.021899841,0.040555136,0.008118541,0.167177339,0.553440631
0.605350313,0.200285529,0.021975381,0.006021321,0.087611193,0.005826413,0.019771888,0.053157962
0.091578764,0.247719655,0.041456265,0.014221435,0.108101173,0.010546243,0.094006606,0.392369859
0.555876363,0.335666777,0.010351926,0.003296799,0.040416905,0.002776454,0.01185427,0.039760505
0.600821994,0.273588969,0.012540779,0.004111155,0.046487154,0.003444898,0.014162169,0.044842882
0.087808159,0.073643342,0.140328914,0.00737381,0.610680984,0.014673328,0.023116475,0.042374989
0.038305162,0.057424393,0.028956076,0.396991598,0.036356394,0.017201354,0.314239635,0.110525389
0.862713956,0.072879031,0.007235392,0.001918047,0.030404857,0.00187759,0.006185252,0.016785875
0.20572183,0.135856301,0.054376137,0.00670191,0.513183213,0.009081069,0.022689896,0.052389643
0.036490646,0.066987125,0.020375007,0.05368485,0.030974763,0.009380396,0.575993718,0.206113494
0.084403025,0.19338519,0.030964986,0.024426969,0.061087472,0.011215233,0.146973433,0.447543692
0.03294524,0.051329997,0.030263225,0.1502022,0.035727952,0.017164922,0.574432797,0.107933667
0.780867714,0.105385888,0.013706412,0.003384693,0.055467174,0.003491148,0.010534884,0.027162088
0.104162414,0.115406859,0.256384427,0.033882809,0.20526772,0.079684197,0.094249943,0.110961631
0.084974825,0.730795452,0.00958776,0.004511639,0.028547775,0.002848731,0.020381901,0.118351915
0.848025083,0.066208607,0.010241966,0.00234144,0.04542863,0.002550676,0.007209091,0.017994508
0.03627557,0.090143485,0.013445621,0.014363434,0.02603158,0.005018551,0.128432388,0.686289369
0.13558861,0.723419775,0.009937901,0.004203191,0.031765159,0.002890854,0.016973347,0.075221163
0.103293271,0.802092773,0.006830577,0.00273298,0.02267673,0.001948008,0.011116528,0.049309133
0.635310444,0.201953666,0.018656254,0.005689448,0.065326553,0.005190661,0.018140294,0.049732681
0.903496573,0.04940751,0.005377555,0.001383572,0.022818798,0.001384565,0.004405762,0.011725665
0.735588948,0.100531401,0.020052989,0.004219239,0.091620356,0.004853916,0.012734593,0.030398558
0.04616684,0.090643233,0.027085146,0.03505584,0.042799975,0.011205356,0.448895129,0.298148481
0.085113553,0.665868652,0.011916856,0.005403518,0.035496704,0.003432794,0.025976356,0.166791568
0.107521613,0.784475123,0.007679849,0.003114745,0.025189396,0.002199182,0.012697823,0.057122269
0.116331246,0.098375526,0.09291562,0.008100059,0.590494795,0.013631526,0.026991363,0.053159865
0.137009713,0.530779937,0.019538189,0.00945424,0.054002295,0.005978307,0.041860298,0.201377022
0.133912481,0.577784577,0.016465257,0.008287455,0.045873441,0.005104584,0.035693861,0.176878343
0.159223915,0.683475855,0.01139589,0.004837514,0.036226764,0.003332712,0.019191172,0.082316179
0.703834901,0.187460091,0.011574435,0.003691044,0.041880593,0.003208477,0.012211488,0.03613897
0.062165671,0.105475713,0.037188269,0.085103287,0.05397969,0.018001442,0.402259967,0.235825959
0.028304788,0.053341355,0.0177543,0.030556518,0.026911082,0.007597492,0.657477407,0.178057058
0.052515989,0.091571067,0.038432823,0.050178773,0.055451271,0.016686254,0.47072071,0.224443113
0.016679298,0.051370894,0.006013566,0.004100444,0.012977086,0.001970098,0.035969931,0.870918684
0.419589489,0.447513054,0.012227601,0.004289584,0.043793461,0.003405731,0.01545347,0.053727611
0.041250044,0.077581835,0.026306889,0.040418335,0.03922688,0.011372013,0.530465756,0.233378249
0.027572873,0.028865529,0.768524834,0.00582321,0.109343403,0.018744994,0.017216272,0.023908887
0.226111828,0.473908091,0.026680185,0.005738462,0.15515107,0.005633858,0.023765279,0.083011227
0.220707071,0.425929205,0.033773701,0.008226577,0.152506126,0.007725307,0.034586182,0.116545831
0.433631454,0.405737673,0.015180357,0.00384749,0.074802743,0.0035892,0.014512247,0.048698835
0.693980904,0.134855864,0.020228917,0.004746746,0.088289864,0.005062506,0.014995693,0.037839505
0.189374571,0.107605902,0.091364211,0.008635071,0.51333734,0.014306641,0.025269236,0.050107029
0.209844176,0.214561375,0.098252654,0.029180683,0.185113132,0.031520062,0.083446252,0.148081666
0.435114445,0.379036743,0.018948237,0.005397994,0.074883013,0.004856384,0.019490587,0.062272598
0.162378253,0.213994119,0.047765048,0.006957097,0.453935062,0.00825533,0.028198726,0.078516364
0.064233572,0.055021831,0.09478033,0.005319496,0.721353024,0.010285689,0.017091685,0.031914372
0.076562877,0.062494055,0.035014519,0.003415692,0.778636951,0.004960432,0.011922467,0.026993008
0.072130934,0.059019935,0.445657253,0.009308675,0.32279752,0.026713951,0.025069532,0.0393022
0.183581972,0.668287986,0.012214484,0.003945569,0.048302154,0.003194764,0.016109739,0.064363333
