C1,C2,C3,C4,C5,C6,C7,C8,C9
0.174511093,0.058924805,0.107308276,0.272862418,0.008478677,0.146611277,0.026348823,0.013597734,0.191356897
0.570539386,0.066223003,0.103151733,0.074647554,0.004642068,0.050470416,0.012139967,0.010379374,0.1078065
0.340617206,0.080963158,0.173820861,0.106221079,0.008218897,0.08276222,0.020976203,0.016803998,0.169616377
0.054683656,0.020704203,0.096660021,0.115818978,0.006199009,0.288226849,0.020143335,0.006337809,0.391226141
0.035015931,0.022072689,0.033342962,0.513606643,0.011407058,0.253604612,0.057239715,0.008564191,0.0651462
0.18575418,0.04108642,0.187996033,0.117486586,0.006118613,0.109221543,0.017795008,0.009604032,0.324937585
0.111836815,0.031957213,0.119374817,0.167708,0.005773789,0.164324539,0.018451982,0.007789745,0.3727831
0.425444804,0.049271838,0.156430888,0.08534464,0.004679507,0.065182162,0.012744326,0.008805405,0.19209643
0.161142378,0.024610583,0.40847339,0.044683227,0.00330621,0.04847342,0.00891192,0.005413975,0.294984897
0.121165318,0.747635883,0.02666991,0.032233415,0.003465437,0.019010156,0.007754519,0.015907351,0.026158012
0.656981436,0.087893542,0.085038118,0.043746344,0.004079216,0.032967854,0.009604274,0.010864047,0.068825168
0.047101844,0.016235745,0.08785388,0.094579945,0.004439002,0.221990656,0.014915365,0.004735116,0.508148447
0.062469191,0.059199745,0.050443805,0.244688178,0.060414428,0.140575455,0.273654892,0.034928102,0.073626204
0.079699907,0.072029413,0.050177284,0.481496236,0.01792789,0.133631038,0.061585832,0.024144559,0.079307842
0.063260285,0.054617378,0.045598355,0.475614812,0.02284314,0.145805242,0.097033419,0.022801074,0.072426295
0.036649684,0.010528249,0.103913164,0.037850239,0.002428755,0.065630195,0.007412044,0.002912519,0.732675151
0.765947327,0.067170794,0.062783376,0.025432018,0.002747261,0.019763861,0.006303955,0.008070408,0.041781
0.127963783,0.028704968,0.397283304,0.056962015,0.004871486,0.067359673,0.013021876,0.007420174,0.296412722
0.009697534,0.005569882,0.007184986,0.923684735,0.001421803,0.031025398,0.005489857,0.001658101,0.014267704
0.273565003,0.047011706,0.205608862,0.091347445,0.005473258,0.08082349,0.015100635,0.009327345,0.271742255
0.033875587,0.015170928,0.039114342,0.270449916,0.005075408,0.501330393,0.020630231,0.004853134,0.109500063
0.041907215,0.011152079,0.54779984,0.023628109,0.002381343,0.03648193,0.006325641,0.003129067,0.327194776
0.040311602,0.030277517,0.042668908,0.156527345,0.052931936,0.179547124,0.412648323,0.016134972,0.068952274
0.10406345,0.136821044,0.076752429,0.132714647,0.07353704,0.098125193,0.10166549,0.19052362,0.085797088
0.073724497,0.067123317,0.04901141,0.477676201,0.021358412,0.133491047,0.075682555,0.026348887,0.075583674
0.068228643,0.02940756,0.059969587,0.422357901,0.006847378,0.234633411,0.025077624,0.008121045,0.145356851
0.012558642,0.003768272,0.044686812,0.013289947,0.000944751,0.026599509,0.002828996,0.001085457,0.894237614
0.045633843,0.01732371,0.088107206,0.10330136,0.005685974,0.332992244,0.019948665,0.005457892,0.381549106
0.112477078,0.470059322,0.050026846,0.061710518,0.013018024,0.040916104,0.023958714,0.17961416,0.048219234
0.017780207,0.014794269,0.018595921,0.046427078,0.097523864,0.049618648,0.719324236,0.009665414,0.026270364
0.038062876,0.021947222,0.030139508,0.685778077,0.006061201,0.128053831,0.023602215,0.006646746,0.059708323
0.033667392,0.006694128,0.873518525,0.009706963,0.001027783,0.01177106,0.002570094,0.001671778,0.059372276
0.028999429,0.015630146,0.037546305,0.15357063,0.009222398,0.617152507,0.047197465,0.006037147,0.084643975
0.039309545,0.029690881,0.038981182,0.217310241,0.037349763,0.196023238,0.360898104,0.014778239,0.065658807
0.036905134,0.008979783,0.846525261,0.012713021,0.001560622,0.016227479,0.003829238,0.002414819,0.070844643
0.695559853,0.054493277,0.112593285,0.029906867,0.003222609,0.02547875,0.007489278,0.008129243,0.063126839
0.037257722,0.027155388,0.038131483,0.195908722,0.034356996,0.190636301,0.399098103,0.01352353,0.063931755
0.159417716,0.115677154,0.069302549,0.366644698,0.01182745,0.114409684,0.035182695,0.0242247,0.103313354
0.203288317,0.549761519,0.052659804,0.055095098,0.006833796,0.035064115,0.014902679,0.03339859,0.048996082
0.013803175,0.012319128,0.014355133,0.027152848,0.775801221,0.028538445,0.100002979,0.00952713,0.018499941
0.052111785,0.034156803,0.055963761,0.270033373,0.026114386,0.322804439,0.122061589,0.015076595,0.101677269
0.026766552,0.013467573,0.02885856,0.351841201,0.005140988,0.47492866,0.022504878,0.004510485,0.071981103
0.31155024,0.197066071,0.082628011,0.167164312,0.009386264,0.079903165,0.024918774,0.024265523,0.10311764
0.101653935,0.717605289,0.035544589,0.033404342,0.005770169,0.023183782,0.011319952,0.039901241,0.031616701
0.398017936,0.076662292,0.111075392,0.140608101,0.006285097,0.082538281,0.017646567,0.012587563,0.15457877
0.138640461,0.449432915,0.059550721,0.074828676,0.014055988,0.04875169,0.027029661,0.129808119,0.05790177
0.057781912,0.850109448,0.017755157,0.01883383,0.002808859,0.012210002,0.005731169,0.018378174,0.016391449
0.092875903,0.121442227,0.074797366,0.103911282,0.104543993,0.086964251,0.099683536,0.236071843,0.079709598
0.270848909,0.078985484,0.102054628,0.230411745,0.007615936,0.110038212,0.022416773,0.014205524,0.163422788
0.083224623,0.312961475,0.040602889,0.051830795,0.013041268,0.03529403,0.022651518,0.400539187,0.039854216
0.04739093,0.012771971,0.408507244,0.029306236,0.002789193,0.046074466,0.007520211,0.003605611,0.442034136
0.240003508,0.030639923,0.471313397,0.037938793,0.003465791,0.038888451,0.008760844,0.006358454,0.162630839
0.013308189,0.011350373,0.013216996,0.038851499,0.051301026,0.037436914,0.808223626,0.007303479,0.019007899
0.656320677,0.109020384,0.084802673,0.036635184,0.004229309,0.028637709,0.009530107,0.013199892,0.057624065
0.038701992,0.024834767,0.046384605,0.181231147,0.027379323,0.352833891,0.231861523,0.011462737,0.085310014
0.10603295,0.017008661,0.564876038,0.029820542,0.00240981,0.034324656,0.006400533,0.003896358,0.235230453
0.077554305,0.175762201,0.043978362,0.053485873,0.016869251,0.038980291,0.02719043,0.52320309,0.042976198
0.665246595,0.091476575,0.070846874,0.049314381,0.004093722,0.033904277,0.010067354,0.011319796,0.063730424
0.04386056,0.016208934,0.093301964,0.088650336,0.005319145,0.287164241,0.018333336,0.005154046,0.442007439
0.43292069,0.03998993,0.210553531,0.05904595,0.003956211,0.051338174,0.010545331,0.007460581,0.184189601
0.231993172,0.042332612,0.197481131,0.09635541,0.005384713,0.088779583,0.015286219,0.008826742,0.313560418
0.089769292,0.126236716,0.069185368,0.097809141,0.084960901,0.079422162,0.087546418,0.291494417,0.073575586
0.266944712,0.043162093,0.199911848,0.089523138,0.005155823,0.081600699,0.014151434,0.008919404,0.290630849
0.266211769,0.375744877,0.063233023,0.109393572,0.008392437,0.055844112,0.020401177,0.029560339,0.071218694
0.045746079,0.010781421,0.669724079,0.020297169,0.001985401,0.028096154,0.005171478,0.002839466,0.215358753
0.079293894,0.151737223,0.051159887,0.058790913,0.024633913,0.045661616,0.035229662,0.50383072,0.049662172
0.260828055,0.048620607,0.42686932,0.044465747,0.005340583,0.046214498,0.012566726,0.010501401,0.144593061
0.063114859,0.048916634,0.039407743,0.605698431,0.010906368,0.112345244,0.03922785,0.014750552,0.06563232
0.196674031,0.043886927,0.408718239,0.056544975,0.006076113,0.061583464,0.014702957,0.010784752,0.201028541
0.03695816,0.010183885,0.194737285,0.028588462,0.002356601,0.048746324,0.006796692,0.002906313,0.668726279
0.059740144,0.029804887,0.084759601,0.169021033,0.013227978,0.396408845,0.044757941,0.010823868,0.191455703
0.130309228,0.133475862,0.091022388,0.215806617,0.036531096,0.135979272,0.08363882,0.057998667,0.115238051
0.138929223,0.040440014,0.35225088,0.067328998,0.007374214,0.085188877,0.018274055,0.011123659,0.279090081
0.048925205,0.029586662,0.045556561,0.44799987,0.011592606,0.268303036,0.045566535,0.010378559,0.092090965
0.404562772,0.054608233,0.146048141,0.102304192,0.005161179,0.072587076,0.014239491,0.009717511,0.190771405
0.023692463,0.012229963,0.036009574,0.089741648,0.007746953,0.705119789,0.03489541,0.004837608,0.085726593
0.207159172,0.051226649,0.404662387,0.055725225,0.006727453,0.060734895,0.015639831,0.012266824,0.185857564
0.109561997,0.413914192,0.051003244,0.089299603,0.017775377,0.053339505,0.034196595,0.175768354,0.055141132
0.019494668,0.006179001,0.063178347,0.023682864,0.001679262,0.05350669,0.005184946,0.001837892,0.825256332
0.046951016,0.009313029,0.845876719,0.012252738,0.001373797,0.014460732,0.003377534,0.002302769,0.064091666
0.048377875,0.012413248,0.355754126,0.029592352,0.002588339,0.045029867,0.007196559,0.003383112,0.495664523
0.506694351,0.237148408,0.080158424,0.04457506,0.005575322,0.033319936,0.012197788,0.020580942,0.05974977
0.351767417,0.095270272,0.10111,0.180517541,0.007438715,0.089177976,0.020873197,0.015628305,0.138216576
0.015997921,0.008326814,0.022225599,0.079247716,0.004907182,0.788425297,0.02391218,0.003205556,0.053751736
0.08278925,0.023835544,0.117013951,0.114409497,0.00483777,0.153434197,0.015415831,0.006195426,0.482068534
0.104314201,0.135674657,0.08519453,0.099862811,0.080256473,0.086633007,0.085599453,0.236381333,0.086083535
0.104422215,0.131669788,0.084679408,0.104868704,0.080513824,0.08973432,0.090112075,0.2270137,0.086985967
0.043963345,0.039837047,0.04252909,0.105486891,0.225325973,0.096478308,0.360080689,0.028983776,0.057314881
0.101724999,0.03591669,0.235816081,0.086052072,0.008669516,0.130307015,0.022920345,0.010655878,0.367937403
0.03519713,0.022354088,0.037818481,0.30517448,0.01677213,0.387333075,0.112021034,0.009449091,0.073880492
0.029657728,0.01012631,0.088548918,0.040990931,0.003042569,0.107491926,0.009501282,0.003132952,0.707507383
0.067445801,0.026683013,0.121846274,0.119800211,0.008400248,0.264121518,0.025990453,0.008547193,0.357165289
0.016080616,0.037081824,0.009337706,0.012921169,0.00451043,0.009138918,0.006981131,0.894452682,0.009495523
0.121551247,0.094861714,0.136542132,0.136788338,0.057721052,0.152365543,0.094134847,0.05431305,0.151722078
0.565180317,0.131642518,0.08300097,0.065452522,0.005527796,0.043407788,0.013486382,0.015911381,0.076390325
0.166178758,0.032551013,0.580700636,0.03401998,0.004080222,0.036945494,0.009675582,0.007529995,0.128318322
0.343903722,0.054230195,0.35202817,0.0446477,0.00521723,0.044292135,0.012241832,0.010898925,0.132540092
0.070401101,0.020770457,0.676551188,0.029385283,0.004192397,0.039408653,0.010015533,0.006106063,0.143169326
0.068625021,0.020140762,0.682946821,0.028638973,0.00405508,0.038448889,0.009703913,0.005900047,0.141540493
0.038986757,0.01230779,0.12833265,0.040935482,0.003196912,0.081600787,0.009340966,0.003649942,0.681648714
0.275702332,0.13516317,0.088997282,0.219623328,0.009705793,0.099184035,0.026699438,0.021885036,0.123039586
0.382371238,0.39400009,0.061523248,0.043445986,0.005256694,0.030225027,0.011447703,0.021664066,0.050065948
0.603404013,0.038440339,0.177877508,0.034660279,0.003132037,0.031210374,0.00768152,0.006774503,0.096819427
0.01856298,0.017681533,0.018270553,0.035418833,0.74019615,0.034592694,0.097269865,0.014798823,0.02320857
0.044372787,0.016010626,0.077109392,0.109439578,0.004697373,0.325501836,0.016451155,0.004821793,0.401595459
0.039097906,0.015807154,0.063650607,0.125039003,0.005437799,0.487746546,0.02018478,0.005038049,0.237998156
0.749723765,0.055047959,0.078549313,0.027166116,0.002853466,0.022083535,0.006661074,0.007636671,0.050278103
0.309813451,0.336246632,0.066864952,0.103152038,0.008000408,0.055232538,0.019490518,0.027279317,0.073920148
0.477326593,0.052157604,0.246727334,0.043660959,0.004503391,0.040134959,0.010809932,0.009915661,0.114763567
0.15237659,0.40133516,0.073482686,0.078376111,0.016853517,0.05514101,0.031004892,0.123098536,0.068331498
0.02826195,0.009455131,0.077713938,0.042362843,0.002774761,0.111094399,0.008878162,0.002895583,0.716563233
0.203570608,0.315358176,0.066626879,0.175839335,0.011996582,0.07569285,0.030476948,0.038809881,0.081628742
0.040659699,0.021265374,0.054787592,0.164520035,0.011186519,0.529861615,0.043825913,0.008093243,0.125800009
0.035887796,0.013757838,0.069854871,0.089224455,0.004730782,0.419803805,0.016636887,0.004439186,0.34566438
0.012836678,0.005935622,0.02029102,0.050838392,0.002778611,0.833015737,0.011492488,0.002116217,0.060695235
0.021174408,0.006766995,0.06033761,0.02794276,0.001817536,0.063681623,0.005667253,0.001988633,0.810623182
0.022398255,0.006719886,0.057218935,0.029003759,0.001647117,0.057592307,0.005186441,0.001900081,0.818333219
0.092540164,0.017593134,0.328215057,0.040285267,0.002783306,0.048319886,0.00771117,0.0041711,0.458380916
0.012449667,0.006410599,0.017240998,0.062854609,0.003551133,0.83561652,0.016006846,0.002422908,0.043446719
0.022600379,0.00625434,0.115836803,0.017978838,0.001435248,0.03135643,0.004088268,0.001767551,0.798682143
0.015907352,0.007026768,0.024461515,0.066560994,0.002844192,0.788102887,0.011327922,0.002371954,0.081396416
0.02500199,0.006080397,0.839611625,0.010886871,0.001160888,0.015154549,0.002990371,0.001661512,0.097451798
0.041496032,0.01515112,0.118570606,0.062614796,0.005157098,0.183734802,0.016513795,0.004940721,0.55182103
0.24077398,0.077390097,0.11745414,0.214119212,0.008774382,0.120976952,0.025353891,0.01597266,0.179184687
0.007965071,0.006145642,0.008601939,0.026536248,0.018630447,0.031192637,0.88415363,0.003527784,0.013246604
0.039934236,0.038815058,0.039683473,0.063957182,0.539450642,0.063401934,0.131553739,0.035743331,0.047460405
0.034990706,0.018108064,0.050274102,0.129897672,0.010073075,0.590252753,0.04028448,0.006947902,0.119171247
0.028051204,0.01915721,0.021385646,0.7592424,0.006492594,0.092391928,0.027987313,0.006623349,0.038668356
0.247541001,0.05278595,0.405838661,0.051692378,0.006358444,0.053717627,0.014963488,0.01255124,0.154551211
0.017873501,0.0145401,0.019142062,0.04680656,0.088194374,0.052258974,0.72464733,0.00930027,0.027236829
0.062302947,0.019044328,0.292885652,0.047006947,0.004659553,0.079804301,0.012612931,0.005688021,0.475995319
0.05437449,0.015646093,0.708249714,0.024939984,0.003302093,0.034933308,0.008163004,0.004599351,0.145791965
0.04245817,0.01639791,0.075617172,0.110484763,0.005471714,0.409824267,0.019779567,0.005212195,0.314754244
0.035756096,0.010969299,0.152587344,0.034436906,0.002886945,0.067167906,0.008566679,0.003273301,0.684355524
0.038752389,0.010207221,0.291143595,0.025911248,0.002236025,0.041462698,0.006288072,0.002846818,0.581151934
0.041215069,0.010444556,0.481586531,0.023428478,0.002161443,0.035510661,0.005898749,0.002858872,0.396895642
0.409275764,0.05366035,0.220847124,0.063564437,0.005157239,0.05666469,0.012967048,0.010397569,0.167465779
0.475590969,0.051742297,0.22600202,0.049248704,0.004521742,0.043938082,0.011150075,0.009555634,0.128250477
0.072238563,0.024736451,0.100708879,0.177083953,0.006103087,0.245719808,0.020780601,0.007014697,0.345613961
0.076169227,0.014964397,0.591758701,0.028301019,0.002430429,0.035053743,0.006486418,0.003717954,0.241118113
0.03133301,0.014715032,0.031670428,0.518859013,0.004509742,0.294415896,0.01799463,0.004523917,0.081978333
0.056710808,0.045259704,0.05285071,0.22260665,0.050927789,0.172621511,0.293861883,0.024527888,0.080633058
0.020152712,0.017288117,0.019276868,0.069757593,0.0485865,0.06043666,0.7253266,0.010578471,0.028596479
0.068344628,0.025279792,0.171988238,0.082796291,0.007666022,0.17093322,0.022064088,0.008093883,0.442833838
0.028449299,0.01355079,0.03978577,0.129559789,0.006163727,0.647088492,0.026752851,0.004846084,0.103803199
0.107876674,0.196845492,0.066546596,0.134574536,0.04556426,0.085914638,0.077024216,0.209314445,0.076339143
0.033420818,0.008906704,0.222802652,0.023697531,0.001983239,0.038881459,0.005633784,0.002492528,0.662181285
0.021752682,0.005634485,0.079016995,0.01808274,0.001206661,0.029407464,0.003573977,0.001530722,0.839794274
0.050277907,0.014892203,0.437666435,0.033043614,0.003594552,0.055208045,0.009559729,0.004433211,0.391324304
0.030126338,0.021254152,0.034348804,0.112613033,0.036647419,0.156359606,0.541346072,0.010983629,0.056320947
0.03214188,0.013494678,0.055809266,0.098737631,0.005317804,0.575998736,0.020301596,0.004560867,0.193637542
0.048355275,0.011463752,0.812599642,0.015874345,0.001935462,0.019743557,0.00472803,0.003069672,0.082230265
0.007166421,0.003450128,0.010265223,0.035406013,0.001629598,0.904729617,0.007041996,0.00122892,0.029082084
0.1849896,0.042124879,0.406281707,0.0595138,0.006254402,0.065381011,0.01566968,0.010738461,0.20904646
0.075239432,0.022832833,0.641776502,0.033081063,0.004787732,0.044941774,0.011480857,0.00682989,0.159029917
0.126106073,0.713486799,0.03497565,0.031977742,0.004675358,0.021722251,0.00968552,0.026399285,0.030971322
0.588832503,0.143571754,0.079449193,0.052444033,0.005031709,0.036647338,0.011822484,0.014806651,0.067394336
0.009605972,0.004396975,0.014737402,0.039867826,0.001941019,0.873927614,0.007902444,0.00153492,0.046085829
0.842697838,0.021875132,0.060790804,0.016142367,0.001446371,0.013433014,0.003525316,0.003376632,0.036712526
0.52732481,0.211440761,0.083486493,0.044861949,0.005527733,0.033861836,0.012162822,0.019411094,0.061922502
0.617111679,0.077335306,0.12139546,0.042838287,0.004432809,0.034966494,0.010372184,0.011142012,0.080405767
0.045664482,0.016695002,0.123623643,0.071341108,0.005671964,0.201021251,0.018365566,0.005451908,0.512165076
0.033182624,0.013023279,0.054631289,0.10772496,0.004284211,0.52175705,0.015619742,0.004077358,0.245699488
0.090592818,0.562365894,0.039003968,0.050531296,0.010480669,0.033170442,0.019421723,0.155921184,0.038512006
0.650280062,0.038984331,0.119899041,0.041566998,0.003043584,0.033950714,0.00777995,0.00647382,0.098021499
0.148284582,0.285988948,0.06444976,0.203132193,0.018693858,0.087889844,0.04508309,0.065692277,0.080785449
0.717396062,0.038456206,0.092234674,0.035706629,0.002737868,0.027973715,0.006913847,0.006135014,0.072445985
0.032010659,0.006336872,0.877185865,0.009330346,0.000979551,0.011378328,0.002476139,0.00157692,0.05872532
0.044132027,0.012468225,0.52352864,0.027160082,0.002889377,0.043750327,0.007753436,0.003642087,0.334675801
0.038048731,0.010009415,0.610817474,0.020897061,0.002118387,0.031802531,0.005628133,0.002798179,0.277880089
0.623170563,0.148913368,0.077647293,0.037360912,0.004448926,0.028624119,0.00987624,0.014890177,0.055068402
0.159864116,0.334406201,0.079453044,0.080680966,0.018348586,0.058461317,0.033315561,0.163043654,0.072426556
0.336646241,0.040997163,0.400104581,0.037768632,0.004058936,0.037551495,0.009744484,0.008305063,0.124823405
0.221561262,0.532579717,0.060749486,0.047007102,0.006851158,0.033547453,0.014225759,0.032324354,0.051153709
0.103327375,0.023593289,0.670935487,0.028125604,0.003465572,0.032832774,0.008233515,0.005883935,0.123602449
0.877835679,0.030023773,0.034814397,0.014165663,0.001367511,0.010831131,0.003233711,0.003725948,0.024002187
0.025100976,0.022698522,0.024560728,0.062647448,0.299199432,0.059663822,0.455950182,0.016466916,0.033711974
0.092448002,0.030362503,0.116318195,0.184733134,0.006735206,0.207573579,0.021924321,0.008390986,0.331514073
0.11106585,0.030427293,0.149165322,0.126564785,0.005715729,0.14017775,0.017603549,0.007781435,0.411498287
0.081732757,0.018716466,0.642471004,0.029559892,0.003142649,0.036995445,0.007857563,0.00490618,0.174618044
0.155354062,0.046761934,0.109281992,0.267134741,0.007059555,0.150731015,0.022219702,0.010598322,0.230858677
0.077357762,0.080114165,0.074070385,0.102404641,0.25233871,0.09804902,0.145717856,0.087340485,0.082606975
0.699761313,0.077668172,0.086552327,0.032009959,0.003604405,0.025937185,0.008241353,0.010379941,0.055845345
0.101821885,0.110499048,0.092018124,0.11858042,0.123310488,0.107739696,0.118006941,0.129654525,0.098368873
0.100492556,0.023876677,0.669279596,0.028753321,0.003635601,0.034001534,0.008693717,0.006072001,0.125194997
0.077520972,0.021090268,0.26139385,0.056433753,0.004520908,0.083731079,0.012809342,0.005936904,0.476562925
0.04656111,0.012952005,0.71550619,0.022010699,0.002705095,0.031715895,0.006762388,0.003734314,0.158052304
0.518561804,0.079079677,0.158084783,0.055040609,0.005474499,0.046677375,0.012845397,0.013085416,0.111150441
0.544319397,0.101526479,0.083305913,0.08899372,0.005359398,0.053921105,0.013926355,0.013020386,0.095627247
0.609705718,0.119693503,0.095466408,0.043720507,0.004963639,0.033592196,0.011234761,0.015352386,0.066270883
0.049960746,0.023637371,0.068289294,0.174943181,0.009574706,0.460039427,0.034868248,0.008326282,0.170360746
0.044795768,0.017013139,0.103127869,0.083473072,0.005928951,0.276254915,0.020104447,0.005533378,0.443768461
0.039919827,0.010042184,0.638664826,0.020679741,0.002038037,0.030286643,0.005460561,0.002756348,0.250151833
0.315345887,0.29984179,0.106640344,0.070887986,0.010096821,0.053406592,0.021328338,0.035683158,0.086769084
0.043215755,0.01107238,0.328483975,0.027121918,0.002327701,0.041689577,0.006491019,0.003025316,0.536572359
0.050103606,0.024221,0.058474151,0.255224931,0.008612754,0.418460467,0.031427901,0.008055335,0.145419855
0.066205916,0.05392666,0.067146922,0.175538904,0.089391848,0.179981124,0.238235015,0.031859007,0.097714605
0.911613066,0.015676858,0.030779671,0.009554714,0.000892187,0.007726524,0.00213835,0.002224772,0.019393858
0.073254816,0.022132391,0.109231966,0.112096666,0.004607243,0.152453679,0.014450538,0.005734667,0.506038035
0.027002815,0.007775705,0.101653196,0.025885994,0.001879762,0.047449159,0.005645302,0.002225438,0.780482631
0.050380825,0.851790959,0.01720575,0.018863326,0.003094685,0.012436366,0.006115553,0.023963065,0.01614947
0.087885431,0.651390551,0.035400333,0.043336665,0.008301718,0.028594969,0.01572294,0.094955267,0.034412126
0.065696745,0.052480904,0.054677753,0.370057269,0.03170355,0.182741507,0.131623182,0.024460249,0.086558842
0.064975873,0.017053362,0.738625902,0.022804981,0.003018993,0.029087049,0.007259279,0.004682083,0.112492479
0.073458309,0.016139003,0.732445707,0.022106265,0.002487203,0.026498908,0.006123806,0.004016705,0.116724094
0.08142621,0.777599197,0.027479029,0.026443686,0.004443027,0.018089571,0.008775817,0.031146851,0.024596613
0.046043889,0.012995134,0.449399937,0.029616863,0.003028089,0.048361744,0.008251933,0.003782973,0.398519439
0.338384759,0.042634555,0.351721596,0.044172349,0.004359872,0.044491262,0.010670899,0.008625376,0.154939331
0.211649029,0.029857337,0.543957769,0.032015922,0.003374796,0.033882569,0.008198993,0.006402137,0.130661449
0.164498851,0.612319159,0.044555737,0.050626125,0.006381529,0.032010948,0.013883028,0.03267247,0.043052153
0.016501364,0.007775529,0.025359178,0.068134647,0.003793491,0.788877332,0.01617536,0.002828216,0.070554884
0.017421194,0.035424271,0.010924979,0.015376138,0.006630606,0.011191702,0.009392612,0.882382014,0.011256485
0.03889195,0.010532174,0.29631323,0.026790094,0.002378314,0.043754943,0.006652145,0.002981112,0.571706038
0.501797756,0.037952873,0.243733348,0.038976616,0.003442513,0.036168274,0.00858706,0.00708736,0.122254199
0.881153534,0.027170714,0.035505882,0.013450589,0.001305353,0.010590569,0.003090059,0.003469777,0.024263525
0.478896926,0.299101043,0.060862621,0.045340096,0.004876702,0.030465407,0.010959051,0.018373214,0.051124939
0.09242313,0.268979806,0.049641688,0.059103123,0.017239435,0.042296227,0.02838432,0.393951016,0.047981256
0.010762786,0.004964513,0.016821209,0.044096552,0.002294331,0.859059588,0.009521409,0.001762953,0.050716657
0.459869554,0.198184596,0.109626606,0.059097099,0.00735611,0.044598074,0.016069697,0.024334577,0.080863687
0.038580796,0.010601496,0.710565663,0.019799702,0.002271627,0.029536226,0.005849179,0.003034815,0.179760495
0.038270454,0.015177035,0.078572938,0.08921569,0.005655504,0.41596119,0.020108258,0.005035821,0.33200311
0.823258722,0.030640395,0.049809908,0.024713596,0.001824703,0.018107154,0.004631995,0.004284832,0.042728694
0.089186814,0.026357519,0.399280063,0.050981375,0.005551977,0.073798681,0.014156837,0.007482154,0.333204581
0.120121413,0.025921194,0.561981796,0.036800002,0.003853633,0.043532184,0.009491192,0.006317301,0.191981286
0.042852897,0.012163336,0.322255329,0.030452582,0.002882462,0.051378308,0.008049145,0.003525537,0.526440404
0.051453394,0.01641344,0.091634485,0.094948687,0.004058208,0.178814146,0.013494941,0.004626392,0.544556307
0.011324368,0.006924458,0.009402368,0.879526718,0.002417214,0.058466314,0.010773803,0.002326121,0.018838635
0.019073846,0.004756121,0.868380689,0.008658263,0.000935228,0.012298282,0.002411677,0.001313082,0.082172813
0.099253297,0.027382514,0.571476557,0.039022571,0.005106621,0.051139446,0.012461156,0.007723746,0.186434092
0.062460307,0.018903791,0.19241894,0.054977317,0.004425322,0.092565087,0.012442791,0.005430712,0.556375734
0.11867542,0.040877729,0.144153481,0.156451984,0.008380873,0.176763645,0.02443396,0.011103495,0.319159414
0.28055186,0.058907059,0.32114878,0.063834747,0.006962663,0.063671132,0.016852866,0.013714609,0.174356283
0.039364384,0.024797476,0.045510397,0.220855892,0.021740829,0.389205612,0.161172605,0.010824686,0.086528118
0.092155549,0.019176858,0.717189929,0.023504187,0.002773021,0.027277098,0.006711486,0.004777651,0.106434221
0.031254526,0.012773407,0.047513886,0.120841196,0.004342015,0.581905786,0.015938366,0.004075366,0.181355452
0.121701166,0.024184589,0.632511171,0.030798331,0.003437344,0.035268322,0.008432942,0.00596585,0.137700284
0.019668353,0.005471236,0.093245615,0.016173686,0.001255071,0.028308401,0.003630839,0.001528949,0.83071785
0.019785704,0.00956637,0.029710749,0.080647684,0.004853578,0.75277427,0.020264793,0.003559842,0.07883701
0.045175047,0.013523551,0.318241093,0.034038013,0.003421943,0.060327495,0.009538232,0.004046933,0.511687692
0.022377598,0.01950638,0.022929473,0.053196369,0.34681988,0.054709845,0.435337493,0.013837897,0.031285064
0.058348441,0.037849557,0.061128,0.284612619,0.023054073,0.315043364,0.091442557,0.0156072,0.112914189
0.034218542,0.020640263,0.041811577,0.187058252,0.017373608,0.489549001,0.117026216,0.008858909,0.083463631
0.010960852,0.005166573,0.016457874,0.047136806,0.002391313,0.857586271,0.009888216,0.001828483,0.048583613
0.074324489,0.020037392,0.119726454,0.092808275,0.004006447,0.120224069,0.012596977,0.005177786,0.551098112
0.745325697,0.041217736,0.067079976,0.039700053,0.002602477,0.027551711,0.006713364,0.005924311,0.063884675
0.568704856,0.163140511,0.080641234,0.050750727,0.005298523,0.03646073,0.012221024,0.016598981,0.066183415
0.01618478,0.004515807,0.077995069,0.013885762,0.001067187,0.025069804,0.003123213,0.001287726,0.856870652
0.042261375,0.016250087,0.102162198,0.078033292,0.005939628,0.284887214,0.019979962,0.005399514,0.44508673
0.048257616,0.019389034,0.071654979,0.159030496,0.006372589,0.433856582,0.023708318,0.006207398,0.231522988
0.066702899,0.01916748,0.225743457,0.051372596,0.004246179,0.082076804,0.011785324,0.005419522,0.53348574
0.012495183,0.003077799,0.928875546,0.005158105,0.000582771,0.007064871,0.001477285,0.000842703,0.040425737
0.030100298,0.075596008,0.017062434,0.022345195,0.00739256,0.015935976,0.011535386,0.802962717,0.017069426
0.10382455,0.029498254,0.29316163,0.064892458,0.005781172,0.088368123,0.015250189,0.007941833,0.39128179
0.070901143,0.069049981,0.055333819,0.284466533,0.052002003,0.148112501,0.202421571,0.036704108,0.08100834
0.192415484,0.105241578,0.13828185,0.173231322,0.017578339,0.133154768,0.044515566,0.032604831,0.162976262
0.030622282,0.021483541,0.035521436,0.112954405,0.038386927,0.16842057,0.522719419,0.011071634,0.058819785
0.084947321,0.022851616,0.132182393,0.100307673,0.004453087,0.124145796,0.013912763,0.005850975,0.511348377
0.061465621,0.017490574,0.200445063,0.048341201,0.003891978,0.079597529,0.010987384,0.004924159,0.572856491
0.009804086,0.008892757,0.009969052,0.019711957,0.833646668,0.020012186,0.078079245,0.007015416,0.012868632
0.017885701,0.016598411,0.017589978,0.038184444,0.663530038,0.036799156,0.173377144,0.013011789,0.02302334
0.058180323,0.015312912,0.181720926,0.047454228,0.003261692,0.072276853,0.009639867,0.004201674,0.607951525
0.061536679,0.020029922,0.248489783,0.052529945,0.005261352,0.095142445,0.014405535,0.00610639,0.49649795
0.032338262,0.018322607,0.042172619,0.157012082,0.01335366,0.564383894,0.076237695,0.007549778,0.088629403
0.180775125,0.035411892,0.488686974,0.042520519,0.004553602,0.04727567,0.011061369,0.008027404,0.181687444
0.517555968,0.248984688,0.070552775,0.042852941,0.005055589,0.030779849,0.011184963,0.018651528,0.054381701
0.191930234,0.218967381,0.109956623,0.126138689,0.023101717,0.091693487,0.045757505,0.08278662,0.109667744
0.188580413,0.560637431,0.058189636,0.04913136,0.007359474,0.034135791,0.015013658,0.036887346,0.050064892
0.020889905,0.011079991,0.02790445,0.112874442,0.006546412,0.719600707,0.031251666,0.004286466,0.065565961
0.199689671,0.341795924,0.067920221,0.154219983,0.012236257,0.073066134,0.030138134,0.039709857,0.081223819
0.03714759,0.015293109,0.07457767,0.088959169,0.006076398,0.466624485,0.021799376,0.005188846,0.284333358
0.062237601,0.018285205,0.505563573,0.035918671,0.004130959,0.055498692,0.010604281,0.005368112,0.302392906
0.062046454,0.014450328,0.752048778,0.021034814,0.002446257,0.026173116,0.006052467,0.00386585,0.111881935
0.35040838,0.057681873,0.325649604,0.050209631,0.005665198,0.048219117,0.013366048,0.012004551,0.136795597
0.008316042,0.006428459,0.009035622,0.026419138,0.021646093,0.031264363,0.879392518,0.003768574,0.013729192
0.047187306,0.011917905,0.807570398,0.016401485,0.002102194,0.020933723,0.005091776,0.003261597,0.085533618
0.061811603,0.017603972,0.717193452,0.025212153,0.003492358,0.033702526,0.008399392,0.005135151,0.127449392
0.039900452,0.028416281,0.040344642,0.273375378,0.028685367,0.254191635,0.250383272,0.013204758,0.071498215
0.115164092,0.058046671,0.188904209,0.123289047,0.021058458,0.180085078,0.050181246,0.021917278,0.24135392
0.044251832,0.015180232,0.102709404,0.067738637,0.004295047,0.160507751,0.013367236,0.004597752,0.587352109
0.029064894,0.015076237,0.020618204,0.796312192,0.003273676,0.077108207,0.012116795,0.004132253,0.042297542
0.010710019,0.002431017,0.945001736,0.00401422,0.000429591,0.005259919,0.001096121,0.000642873,0.030414504
0.132457388,0.037939019,0.11682591,0.21799899,0.006461147,0.165342828,0.020549261,0.009213192,0.293212265
0.020569999,0.018282928,0.020812733,0.047364805,0.487134803,0.047771585,0.316610167,0.013399457,0.028053523
0.04851452,0.031733596,0.056948839,0.200442565,0.032513294,0.341933002,0.170671469,0.014800328,0.102442388
0.026712797,0.026347244,0.025903036,0.045868216,0.668736975,0.043911508,0.10679558,0.024108864,0.031615781
0.013730294,0.011120999,0.014532491,0.03865034,0.049781854,0.042441685,0.801761676,0.006862524,0.021118137
0.03984365,0.010540794,0.319143918,0.02587812,0.002322454,0.042056648,0.006466355,0.002970221,0.550777841
0.050942723,0.022564225,0.080965768,0.137234903,0.008632195,0.429997624,0.029398682,0.007661577,0.232602303
0.036262885,0.015500411,0.065853626,0.099387143,0.006435719,0.531268159,0.024312726,0.005338825,0.215640506
0.022976344,0.018569065,0.024963491,0.057839439,0.112982723,0.066317621,0.649193065,0.011876607,0.035281646
0.020222549,0.004554545,0.909583874,0.006996745,0.000778351,0.008941927,0.001958816,0.001194648,0.045768546
0.045508193,0.01006704,0.532783489,0.0216453,0.001834487,0.02990413,0.004961957,0.002603722,0.350691683
0.057229307,0.011398876,0.780510013,0.016678613,0.001719071,0.020164399,0.004289678,0.002789,0.105221045
0.682971165,0.121285199,0.057483867,0.039094483,0.003658238,0.026727512,0.008620231,0.01155348,0.048605826
0.031128037,0.017295386,0.034244006,0.317038023,0.00841506,0.467470357,0.041817522,0.006286711,0.076304899
0.089371526,0.018810473,0.277831509,0.044783384,0.003149461,0.056585785,0.008867997,0.004556819,0.496043047
0.005707381,0.002782548,0.007838143,0.032119459,0.001305767,0.921743182,0.005736731,0.000988524,0.021778264
0.192059276,0.032724141,0.220681441,0.075552246,0.004365554,0.076127289,0.012295772,0.007005531,0.379188748
0.547232882,0.048796243,0.131628803,0.063761223,0.004016407,0.049248439,0.010658917,0.008070144,0.136586942
0.065076052,0.017396023,0.735061417,0.023376418,0.003134035,0.029885677,0.00752151,0.00482853,0.113720338
0.051869646,0.022297393,0.048104612,0.482727796,0.005638779,0.240780435,0.021202749,0.00644066,0.120937931
0.022522128,0.943722193,0.006319501,0.007552149,0.000999402,0.004658462,0.002116732,0.005992711,0.006116723
0.737063725,0.041016572,0.094006013,0.028211871,0.002645971,0.023641527,0.006415085,0.006272239,0.060726997
0.460923917,0.168309416,0.114888691,0.065639679,0.007500051,0.050712881,0.017127707,0.021777507,0.093120152
0.153452025,0.547980975,0.059564892,0.054802418,0.009981769,0.039042346,0.019349625,0.062843524,0.052982427
0.485299197,0.119088891,0.148646221,0.05812739,0.007071164,0.048059794,0.015934796,0.020088553,0.097683995
0.036591288,0.901897932,0.010824178,0.014455539,0.001857143,0.008549408,0.003958681,0.011054757,0.010811075
0.020071046,0.008841299,0.030253156,0.085564933,0.003550662,0.737684498,0.014373918,0.002993551,0.096666939
0.047315738,0.01213904,0.359966353,0.029050328,0.002537638,0.044182504,0.00705617,0.003313168,0.494439061
0.2468681,0.329188261,0.097370682,0.08055551,0.013111985,0.058898312,0.026719169,0.063504269,0.083783711
0.116860466,0.046713683,0.239502374,0.098310879,0.012353956,0.142555331,0.030860047,0.015035438,0.297807826
0.040119048,0.029915445,0.040144612,0.218518844,0.035322042,0.202127549,0.351402993,0.014481367,0.067968101
0.223693613,0.335980791,0.096776727,0.085114909,0.014673611,0.063930834,0.029678986,0.061981653,0.088168877
0.025784475,0.008058529,0.091122885,0.027380479,0.002101318,0.056397906,0.006210881,0.002372226,0.780571302
0.103134479,0.027481226,0.143918115,0.108156155,0.004943698,0.121740245,0.015015863,0.006679198,0.468931022
0.418768211,0.207822685,0.110324551,0.069275848,0.008452559,0.050859808,0.018713808,0.029147008,0.086635522
0.03246577,0.008680514,0.27305104,0.021855087,0.001928572,0.035868728,0.005353377,0.002437175,0.618359737
0.145857741,0.024983595,0.633709318,0.028398488,0.003113323,0.030831989,0.007548173,0.005651364,0.119906009
0.028404212,0.008779778,0.062984186,0.042596777,0.002184274,0.089330924,0.007012067,0.00248725,0.756220532
0.143063915,0.311173081,0.070029855,0.103365884,0.021097783,0.06712106,0.040795107,0.170748566,0.072604749
0.039446356,0.008968281,0.846232542,0.012652982,0.001484722,0.015717291,0.003663347,0.002359202,0.069475276
0.033272617,0.008446826,0.096034576,0.027521,0.001682094,0.040694496,0.0049335,0.002186783,0.785228108
0.029918083,0.012522038,0.048580459,0.097260162,0.004573401,0.601739898,0.016920712,0.004082961,0.184402287
0.134355574,0.054208627,0.108013115,0.26168628,0.009577165,0.17699499,0.030090463,0.013120776,0.211953011
0.036969951,0.023179912,0.043266014,0.209779735,0.021205939,0.411765842,0.160716774,0.010272531,0.082843302
0.100334505,0.102036385,0.096179486,0.122163646,0.132341035,0.118512215,0.125083768,0.097510723,0.105838237
0.035395715,0.009277204,0.722893643,0.017676756,0.001914841,0.026061437,0.004951753,0.002608636,0.179220014
0.061484867,0.016740511,0.739146722,0.023043827,0.00310915,0.029870035,0.007473018,0.004712893,0.114418976
0.038512423,0.018106064,0.055719976,0.14084071,0.00759785,0.551787011,0.027906055,0.006308888,0.153221022
0.079040876,0.018758176,0.489130984,0.035571765,0.003315483,0.047364125,0.008626883,0.004814092,0.313377616
0.033299182,0.009090035,0.085455837,0.032698811,0.001918851,0.051598138,0.005709648,0.002408292,0.777821207
0.104855868,0.494276131,0.045643674,0.079480344,0.014219848,0.046301902,0.028065469,0.138169705,0.04898706
0.026223989,0.014452895,0.034079898,0.144428748,0.009619045,0.63894135,0.051822957,0.005837618,0.0745935
0.108734713,0.153418409,0.083496812,0.098343445,0.061988765,0.082681043,0.075044735,0.252195859,0.084096218
0.066262744,0.03417456,0.094737602,0.169753749,0.016408805,0.357502981,0.053625566,0.012899524,0.194634469
0.051487692,0.041819355,0.042367345,0.415408256,0.027629901,0.173433974,0.158969605,0.018960277,0.069923595
0.043558876,0.016449464,0.094005358,0.089091695,0.005652449,0.308895952,0.019574789,0.005325293,0.417446123
0.072148177,0.024645137,0.18911249,0.074408544,0.006471678,0.133600531,0.018214433,0.007431795,0.473967214
0.179958384,0.086147833,0.25052772,0.095776503,0.016769805,0.107792413,0.035417237,0.027375209,0.200234899
0.155420063,0.048383585,0.361080879,0.06852336,0.008419301,0.082701486,0.01995478,0.013135995,0.24238055
0.537323268,0.075647606,0.17417207,0.045160379,0.005191476,0.040110384,0.01199458,0.012733888,0.09766635
0.842202781,0.030966821,0.051568437,0.017540678,0.00167913,0.014048445,0.003997761,0.004263663,0.033732283
0.361589382,0.049334114,0.354588135,0.04175264,0.004761412,0.041274124,0.011241921,0.010106476,0.125351794
0.148255518,0.474200604,0.065484249,0.067218336,0.013682587,0.048072227,0.025734476,0.0963223,0.061029704
0.023175474,0.005973901,0.864646583,0.00999218,0.001166912,0.013925808,0.002940354,0.001660256,0.076518531
0.363873368,0.049399145,0.338618838,0.043792828,0.004717015,0.043000689,0.011298861,0.009660007,0.135639248
0.57713834,0.191569128,0.068291332,0.044589035,0.004647087,0.031392579,0.010562501,0.015288025,0.056521971
0.056788083,0.049275172,0.044918643,0.394922295,0.031926984,0.163960988,0.16313281,0.022941265,0.072133761
0.010078005,0.002325243,0.945779426,0.003859563,0.000417889,0.005161665,0.001066282,0.000619672,0.030692255
0.065166218,0.803519013,0.021651635,0.027628289,0.004138858,0.017236884,0.008505534,0.030783047,0.021370522
0.02047212,0.005185708,0.872517191,0.009022779,0.001013849,0.012622287,0.00258572,0.001432049,0.075148298
0.117537701,0.677737642,0.040347244,0.038560017,0.006492699,0.026648204,0.012831756,0.043610299,0.036234438
0.057198741,0.015535849,0.754114753,0.021520495,0.002894851,0.028058649,0.006962027,0.004376196,0.10933844
0.233304744,0.473489378,0.07240077,0.055611476,0.008426925,0.040164637,0.017349737,0.038422239,0.060830095
0.075988164,0.030381589,0.101558802,0.185763084,0.008711904,0.293964995,0.028580953,0.009520714,0.265529794
0.071153751,0.019409441,0.711825194,0.025761353,0.003520906,0.032911679,0.008406096,0.00542476,0.12158682
0.032203932,0.017882959,0.045732513,0.127147952,0.013744123,0.587309646,0.071242813,0.007457853,0.097278209
0.263750145,0.295846906,0.113289925,0.081855751,0.013154481,0.062836403,0.027048318,0.046555033,0.095663039
0.221314388,0.112987349,0.204541586,0.104943423,0.017607321,0.100181138,0.037705165,0.037484423,0.163235207
0.109153669,0.025091546,0.645447323,0.031352494,0.003859797,0.036778723,0.009305311,0.006548619,0.132462519
0.008624029,0.004290271,0.012018178,0.045252762,0.00220893,0.884448616,0.010116479,0.001585845,0.03145489
0.041597636,0.011566233,0.657186589,0.022759925,0.002566082,0.034768829,0.006714776,0.003352884,0.219487045
0.027268349,0.006638976,0.876109362,0.009960048,0.001183908,0.012945273,0.002940805,0.001788554,0.061164726
0.063976611,0.013768547,0.665163214,0.023960928,0.002298943,0.030570882,0.006021104,0.003450562,0.190789209
0.0312396,0.008173368,0.832096112,0.013163791,0.001594779,0.018099374,0.003991128,0.002287417,0.08935443
0.593378441,0.039041788,0.157004745,0.042918645,0.003302716,0.03655218,0.00841042,0.006866033,0.112525032
0.021175814,0.006203496,0.086947103,0.020485354,0.001547752,0.039248704,0.004624141,0.001803268,0.817964368
0.038466867,0.010677597,0.747515816,0.018920847,0.002288821,0.027688528,0.005819092,0.003099213,0.145523219
0.024455904,0.013489869,0.032280527,0.128169076,0.008991365,0.666980385,0.04835124,0.005383252,0.071898382
0.047913467,0.01395462,0.45557075,0.031457888,0.003355706,0.052081517,0.009084574,0.004129033,0.382452446
0.006013122,0.004984912,0.006118231,0.018251356,0.021183518,0.018319832,0.913082845,0.003115857,0.008930327
0.033732438,0.018038526,0.046237824,0.138745087,0.010631308,0.59503931,0.044613266,0.007044989,0.105917251
0.084951746,0.021112564,0.58157294,0.036690737,0.003929619,0.047138244,0.010061495,0.005808055,0.208734601
