C1,C2,C3,C4,C5,C6,C7
0.279078928,0.000575427,0.034285844,0.018817272,0.646513038,0.009600559,0.011128932
0.567063638,0.000448204,0.041592995,0.019169722,0.351869173,0.009070289,0.010785981
0.393872288,0.000271848,0.022954624,0.011357707,0.560319793,0.00489861,0.00632513
0.277564434,0.000166711,0.01283222,0.006481384,0.696190175,0.003112072,0.003653003
0.480650999,0.000268333,0.023257703,0.011555259,0.472920615,0.005055809,0.006291282
0.418328468,0.000510592,0.042099782,0.023259579,0.494990351,0.008762654,0.012048573
0.333224693,0.000400262,0.031115263,0.017297249,0.602104889,0.006620252,0.009237392
0.415909168,0.000565055,0.047054142,0.026589438,0.486617673,0.009589804,0.013674721
0.319531507,0.000329717,0.024879832,0.013615554,0.628594053,0.005681415,0.007367921
0.215754543,0.000229359,0.015531984,0.008644813,0.751021364,0.00404077,0.004777167
0.200567546,0.000277206,0.017991572,0.010440701,0.760404104,0.004584626,0.005734246
0.273736931,0.000272494,0.020041492,0.011116972,0.684151766,0.004676267,0.006004078
0.165411263,0.00017455,0.011528552,0.006290255,0.810000142,0.003019746,0.003575491
0.175487352,0.00030801,0.018160939,0.010099391,0.785015764,0.00497554,0.005953004
0.226285467,0.00039473,0.023650102,0.013142276,0.722332558,0.006580905,0.007613961
0.161534502,0.000130453,0.009298244,0.004786143,0.819217977,0.002307801,0.00272488
0.151789452,0.000170938,0.011273038,0.005996561,0.824382015,0.002937813,0.003450184
0.400433213,0.000181486,0.015242458,0.007775772,0.568867021,0.00335024,0.00414981
0.222538889,0.000509163,0.027394433,0.015564942,0.716460615,0.008190441,0.009341517
0.181900153,0.000319284,0.018574476,0.010371814,0.777500714,0.00524022,0.00609334
0.183894842,0.000275195,0.01713235,0.009290481,0.779362096,0.004606041,0.005438994
0.164127943,0.00027521,0.016381059,0.009161417,0.800263051,0.004455766,0.005335554
0.135907102,0.000142361,0.009604218,0.005187167,0.843798185,0.002423317,0.002937649
0.157718172,0.000105398,0.007698124,0.003925595,0.826394329,0.001924744,0.002233638
0.173571958,0.000191774,0.012677008,0.006828479,0.799532327,0.003313866,0.003884588
0.559704676,0.00026996,0.024297624,0.012163959,0.391959582,0.005221021,0.006383178
0.171963395,0.000107875,0.008195123,0.004274645,0.811189118,0.00191687,0.002352973
0.439192768,0.000168955,0.014360977,0.007195636,0.531994051,0.003223648,0.003863965
0.20478087,0.000226485,0.015170326,0.007723449,0.763583909,0.003923269,0.004591692
0.244856725,0.000210644,0.015058798,0.007542207,0.724177978,0.003750095,0.004403552
0.146479309,0.000117314,0.00826605,0.004117649,0.836496698,0.002095645,0.002427335
0.181114287,0.00016767,0.01144939,0.005731825,0.795137099,0.002989065,0.003410665
0.173189756,0.000139692,0.010071848,0.004977912,0.806212766,0.002481103,0.002926922
0.24439962,0.000124106,0.009852254,0.004854211,0.735787356,0.002242748,0.002739705
0.380980957,0.000154982,0.012776875,0.006036163,0.593695238,0.002894475,0.00346131
0.139438613,0.000131757,0.009071526,0.004895191,0.841452072,0.002255327,0.002755514
0.151757707,0.000130756,0.008946217,0.004697855,0.829435302,0.002329954,0.002702209
0.094946626,8.42E-05,0.005878825,0.003041265,0.892829931,0.001463655,0.001755518
0.184303565,0.000213239,0.014269686,0.007753679,0.785442843,0.003592567,0.004424422
0.234966614,0.000173555,0.013648459,0.00696189,0.73733673,0.00303377,0.003878983
0.217253152,0.000451014,0.02499463,0.01384246,0.727654644,0.007444517,0.008359582
0.227840875,0.000339299,0.020786764,0.011876946,0.726722679,0.00569631,0.006737128
0.215232352,0.000444588,0.024139529,0.013573206,0.731199582,0.007260015,0.008150728
0.092912488,9.57E-05,0.006285601,0.003316415,0.893798846,0.001657533,0.001933465
0.09840302,0.00010255,0.00678059,0.003547715,0.887328897,0.001762519,0.002074709
0.120395815,0.000130816,0.008640541,0.00450367,0.861426956,0.002258487,0.002643714
0.200916902,0.00020683,0.013918128,0.007697714,0.769426588,0.003548255,0.004285584
0.150690057,0.000157625,0.01053212,0.005774954,0.826916157,0.002686481,0.003242608
0.227607433,0.000518152,0.027869053,0.015639116,0.710484746,0.008412024,0.009469475
0.244393501,0.000126195,0.009653828,0.004900918,0.735827163,0.002350897,0.002747499
0.203988538,0.000355279,0.021649025,0.0124014,0.748868612,0.005709853,0.007027293
0.164484759,0.000145208,0.010674756,0.005664427,0.813406619,0.002477941,0.003146291
0.184072035,0.000180122,0.012523074,0.006943322,0.789388932,0.00308265,0.003809865
0.193908419,0.000426231,0.023536493,0.013723299,0.753795573,0.00660318,0.008006804
0.155024482,0.000175209,0.012125698,0.006509087,0.819570244,0.002918413,0.003676867
0.196463702,0.0003357,0.020191756,0.011528886,0.759496386,0.005369257,0.006614313
0.159649714,0.00025987,0.015440032,0.008861225,0.806538658,0.004181775,0.005068726
0.089862936,8.97E-05,0.006028693,0.003177336,0.897475772,0.001528792,0.001836775
0.15878003,0.000270878,0.016037049,0.009165574,0.806148296,0.004313607,0.005284566
0.158771735,0.000239374,0.015083256,0.0084991,0.808741628,0.003836286,0.004828622
0.194690286,0.00038701,0.022206632,0.012554146,0.756630994,0.006133879,0.007397052
0.161451615,0.000208511,0.013716228,0.007410328,0.809502765,0.003452002,0.00425855
0.190873555,0.000178598,0.013048341,0.006772208,0.78225671,0.003015359,0.003855229
0.321016597,0.000218338,0.018069064,0.00921553,0.64265692,0.003787631,0.005035919
0.273901202,0.000203901,0.016075428,0.008259622,0.693450354,0.003568181,0.004541313
0.211162061,0.0005118,0.027102074,0.016494296,0.727440861,0.007801203,0.009487706
0.210913824,0.000384006,0.023535478,0.013962402,0.737448717,0.005982863,0.007772709
0.205491501,0.000427319,0.024554215,0.014595115,0.740023376,0.006613914,0.00829456
0.117660988,0.00012597,0.008521954,0.004745343,0.864205247,0.002108288,0.00263221
0.202188984,0.00044454,0.025036194,0.01456706,0.742467684,0.006818469,0.008477069
0.208559024,0.000509272,0.026714114,0.015946409,0.731057106,0.007881965,0.00933211
0.210323068,0.00052283,0.027254079,0.016214107,0.728042282,0.008100366,0.009543268
0.199281047,0.000208592,0.014403008,0.008213451,0.769938031,0.003543565,0.004412306
0.180641672,0.000249946,0.015958178,0.009340046,0.784596902,0.004103319,0.005109938
0.2142577,0.000228986,0.016111952,0.009092628,0.751534959,0.003857671,0.004916106
0.378759003,0.000572953,0.041536595,0.024626253,0.532072802,0.009670968,0.012761426
0.197079853,0.000420341,0.022546949,0.013254972,0.752252257,0.00670692,0.007738708
0.142392518,0.000232156,0.013652101,0.007731394,0.827755913,0.003758197,0.004477719
0.186421904,0.000402628,0.021529449,0.012557094,0.765320799,0.006364176,0.00740395
0.141272817,0.000173131,0.01112806,0.006313476,0.834694356,0.002900786,0.003517373
0.149616987,0.00022326,0.013840082,0.007765524,0.820464422,0.003648776,0.004440949
0.354888408,0.000203956,0.016156188,0.008568599,0.611833418,0.003807415,0.004542016
0.359731817,0.000254867,0.019956847,0.010684966,0.59903853,0.00463559,0.005697382
0.149329655,0.000199878,0.01230544,0.006829841,0.82399305,0.003397225,0.00394491
0.238533385,0.000760873,0.036003001,0.021941382,0.678210374,0.011370957,0.013180028
0.20649624,0.000430815,0.023555659,0.013838088,0.740710492,0.006935489,0.008033218
0.173892611,0.000317046,0.017958225,0.010301198,0.786438149,0.005085272,0.006007498
0.336767135,0.000372544,0.02620913,0.01416341,0.607981497,0.006583392,0.007922892
0.288607388,0.000244291,0.017475579,0.009144464,0.674934559,0.004416195,0.005177524
0.172935865,0.000183271,0.012361656,0.006663272,0.800939254,0.003119949,0.003796733
0.162589156,0.000165413,0.010949351,0.005808694,0.814239447,0.002875595,0.003372344
0.188452906,0.000184403,0.012229599,0.006349512,0.785734154,0.003312751,0.003736675
0.175983294,0.000121553,0.008910361,0.004485088,0.805711764,0.002198537,0.002589403
0.22272328,0.000262013,0.017761699,0.00970587,0.739623785,0.004431349,0.005492005
0.216599686,0.000252494,0.016860234,0.009026525,0.747742393,0.004329428,0.00518924
0.299653561,0.000221556,0.01675582,0.008383792,0.66618535,0.004013617,0.004786305
0.118248892,9.19E-05,0.006601665,0.003466258,0.868030644,0.00161694,0.001943661
0.292543616,0.000376297,0.025365356,0.013935955,0.653477704,0.006473231,0.007827842
0.155582183,0.000158762,0.011009357,0.005792881,0.821421414,0.002731942,0.00330346
0.277844705,0.000254197,0.019568629,0.010593265,0.681705887,0.004363905,0.005669411
0.340851818,0.000403995,0.028508175,0.015692144,0.598741901,0.007140713,0.008661254
0.405293651,0.001577382,0.204906029,0.063142256,0.23981917,0.042463562,0.04279795
0.508121551,0.001038172,0.135476278,0.041156257,0.260251843,0.026824975,0.027130925
0.605171961,0.000663532,0.081960557,0.02696122,0.251799711,0.016544937,0.016898081
0.634187061,0.000320609,0.030228629,0.012109549,0.308768013,0.006974027,0.007412112
0.566993833,0.000839952,0.108347453,0.03490009,0.243165432,0.023849786,0.021903454
0.606528055,0.000460167,0.04656923,0.017451914,0.307790554,0.010287888,0.010912193
0.469195038,0.000283974,0.022748035,0.010230873,0.485826396,0.005574392,0.006141292
0.461423472,0.000380085,0.027553838,0.012678459,0.482145123,0.008029171,0.007789853
0.651936499,0.000410474,0.040141722,0.015511763,0.272771196,0.009718442,0.009509904
0.317859151,0.000441458,0.028896451,0.013849584,0.622102487,0.008163692,0.008687175
0.359072006,0.000224923,0.017141192,0.007983702,0.606395193,0.004406819,0.004776165
0.295466437,0.000198007,0.014820008,0.007003804,0.67458002,0.003746154,0.00418557
0.284595219,0.000265432,0.01911425,0.009286629,0.676316808,0.004875353,0.005546308
0.428307192,0.000239617,0.020317494,0.009000492,0.532166635,0.004583336,0.005385234
0.622356848,0.000232625,0.021956226,0.009266917,0.336005452,0.0047224,0.005459533
0.806644981,0.000129326,0.014002614,0.00567266,0.167665548,0.002662453,0.003222418
0.678047357,0.000329534,0.038375221,0.014226893,0.25360028,0.007015424,0.00840529
0.528016218,0.00025306,0.02187585,0.009645417,0.429450908,0.00509047,0.005668078
0.741205225,0.000216788,0.023293882,0.009276289,0.215998922,0.004687076,0.005321819
0.580851381,0.000265691,0.024118738,0.010355463,0.372832378,0.005479023,0.006097326
0.44767589,0.000190114,0.016494394,0.00766399,0.520013951,0.003632746,0.004328914
0.570702438,0.000234961,0.021370649,0.009197448,0.3883998,0.004701912,0.005392793
0.363268072,0.000382514,0.027549111,0.013203763,0.580361657,0.007332341,0.007902543
0.288384415,0.000441201,0.028515091,0.014397592,0.651759988,0.007774405,0.008727308
0.50794067,0.000607798,0.051153696,0.021802688,0.392094918,0.013063064,0.013337167
0.611294429,0.000324665,0.031257618,0.012894512,0.32971005,0.006858121,0.007660606
0.692905676,0.000338485,0.039064058,0.016106609,0.235335297,0.007532997,0.008716877
0.205649476,0.000339809,0.01959394,0.010580442,0.751604581,0.005827919,0.006403833
0.137122359,0.000150715,0.009570566,0.005109243,0.842415196,0.002639609,0.002992312
0.200478691,0.000345609,0.019700632,0.010642089,0.756559304,0.005831826,0.006441851
0.235107449,0.000399507,0.022472769,0.012237774,0.71548741,0.006906197,0.007388895
0.414883128,0.000131734,0.010675078,0.005052037,0.563787006,0.002576759,0.002894259
0.117993429,6.92E-05,0.005027968,0.002508059,0.871665659,0.001281905,0.001453754
0.145286468,0.000115132,0.007915381,0.003991197,0.838266677,0.002076869,0.002348277
0.128195025,9.62E-05,0.006666731,0.003391178,0.857928114,0.001747901,0.001974897
0.167295547,0.000105023,0.007596996,0.003746917,0.81711167,0.001953737,0.00219011
0.256247261,0.000166918,0.012080553,0.005887594,0.718993947,0.003158862,0.003464865
0.206717427,0.000193139,0.012854178,0.006479585,0.766349381,0.003537964,0.003868327
0.193695588,0.000119502,0.008789492,0.00440231,0.788274298,0.002180768,0.002538041
0.177515608,0.000128117,0.009176256,0.00454064,0.803626177,0.002338603,0.002674599
0.23986618,0.000416506,0.023612816,0.013234252,0.707957291,0.007090226,0.007822729
0.105687435,9.84E-05,0.006542582,0.003408147,0.880534829,0.001740151,0.001988496
0.174387652,0.000232816,0.013941964,0.007481679,0.79539951,0.004102131,0.004454249
0.264500775,0.000298761,0.019794633,0.011044653,0.692977346,0.00528123,0.006102602
0.210699186,0.00015376,0.010897907,0.005791047,0.766418771,0.00282248,0.003216848
0.124732573,0.000119929,0.007924012,0.00428431,0.858409096,0.002093377,0.002436701
0.433223653,0.000190135,0.015221356,0.007666934,0.535827817,0.003649606,0.004220499
0.13479583,0.000139943,0.009149461,0.004802218,0.845834781,0.002482026,0.002795741
0.623392553,0.000210457,0.019349403,0.009178175,0.338663395,0.004220094,0.004985924
0.477078442,0.000144071,0.012205307,0.00582935,0.498711953,0.002786513,0.003244364
0.215714706,0.00013458,0.009847045,0.004859898,0.764092477,0.002527364,0.00282393
0.678158564,0.000164934,0.014849644,0.006863626,0.292758788,0.003398371,0.003806073
0.206135906,0.000183756,0.012716559,0.006470164,0.767375989,0.003357353,0.003760275
0.221272682,0.00033151,0.020278302,0.010588849,0.735415355,0.005730298,0.006383004
0.236601142,0.000149944,0.010932663,0.005449414,0.740938575,0.002784474,0.003143788
0.256397292,0.000114916,0.008880745,0.004301356,0.725666874,0.002168575,0.002470241
0.173453404,0.000209251,0.013537816,0.007047672,0.797948638,0.003639457,0.004163762
0.138764791,0.000172986,0.010878218,0.005781031,0.838061379,0.002938963,0.003402632
0.099198689,9.71E-05,0.006402549,0.003329904,0.887330268,0.001689959,0.00195158
0.24152913,0.000287516,0.018035892,0.009248163,0.720024733,0.005311641,0.005562924
0.18120443,0.000110332,0.007982833,0.003996851,0.802326052,0.002076408,0.002303093
0.447956394,0.000340557,0.025387495,0.012285088,0.499886016,0.006986221,0.00715823
0.613136467,0.000163523,0.014170975,0.006609558,0.35887731,0.003346163,0.003696004
0.217024024,0.000201749,0.013405003,0.006855248,0.754688024,0.003785789,0.004040163
0.299008237,0.000233837,0.01624642,0.008195447,0.667022889,0.004502351,0.004790818
0.243099846,0.00013744,0.01000301,0.005061369,0.736157872,0.002658624,0.00288184
0.226103886,0.000117912,0.008739485,0.004470276,0.75582534,0.002233942,0.002509159
0.131065893,0.000138619,0.008936834,0.004703513,0.84994106,0.002457314,0.002756767
0.188624825,0.000210001,0.013467283,0.006917441,0.782844606,0.003797156,0.004138689
0.345972048,0.000217146,0.016161103,0.007808962,0.621001046,0.004258832,0.004580864
0.292994335,0.000199141,0.014505401,0.007083821,0.677226344,0.003824483,0.004166474
0.371439255,0.000165979,0.012734934,0.006196865,0.602595551,0.003309806,0.003557609
0.296370995,0.00016947,0.01297449,0.006302546,0.67728354,0.003244664,0.003654294
0.41794174,0.000150691,0.012461831,0.005779259,0.55737513,0.002940669,0.003350679
0.52487761,0.000254597,0.02091597,0.009754364,0.433415452,0.005134174,0.005647834
0.332587797,0.000239765,0.017662561,0.008279668,0.631614186,0.004628655,0.004987369
0.278419639,0.000239119,0.016644201,0.008166816,0.687061388,0.004591222,0.004877616
0.188807777,0.000233953,0.014963967,0.007733881,0.779504844,0.00413597,0.004619608
0.281323208,0.000251813,0.018016953,0.008828367,0.68175476,0.004614361,0.005210539
0.25761171,0.000305323,0.019871569,0.009962619,0.700661374,0.005561828,0.006025576
0.33635424,0.000227991,0.017332697,0.0082073,0.628723382,0.004309923,0.004844468
0.404195805,0.000404377,0.029586079,0.013743354,0.535623037,0.008066384,0.008380965
0.353413626,0.000207443,0.016041097,0.007497397,0.614347613,0.004042605,0.004450219
0.509794618,0.000262376,0.022046301,0.009894114,0.44680459,0.005389371,0.00580863
0.75392244,0.000229121,0.023371886,0.009190518,0.202592355,0.005235076,0.005458603
0.6770505,0.00017776,0.015984883,0.006955207,0.292048997,0.003729062,0.00405359
0.766160859,0.000239037,0.026109318,0.010069535,0.186038244,0.005504773,0.005878234
0.806912192,0.000125708,0.012739432,0.005132317,0.169380573,0.00270102,0.003008757
0.771149508,0.000220661,0.023608651,0.009242219,0.185418277,0.004933465,0.005427219
0.637548684,0.000209575,0.018970001,0.008040255,0.326088036,0.004334672,0.004808778
0.293670998,0.000439815,0.027337785,0.013642002,0.648338907,0.008111165,0.008459328
0.241561632,0.000222321,0.015350333,0.007507694,0.726735169,0.004097031,0.00452582
0.275647759,0.000288817,0.019981242,0.009879766,0.68299439,0.005300339,0.005907686
0.294960413,0.000291696,0.019466801,0.009604934,0.664393627,0.005479189,0.005803341
0.52478201,0.000231907,0.018852291,0.008623764,0.437747054,0.004713669,0.005049306
0.268732773,0.000115881,0.008831457,0.004405935,0.713213014,0.00221242,0.002488521
0.677230751,0.000161728,0.014435958,0.006563478,0.294528625,0.003366606,0.003712855
0.173488865,0.000157268,0.010598642,0.005327345,0.804416067,0.002834992,0.003176821
0.383493959,0.000209806,0.01596878,0.007916427,0.583850749,0.004042747,0.004517532
0.67649462,0.000304764,0.030391681,0.012817048,0.266001713,0.006658803,0.007331371
0.471426186,0.000600105,0.042012294,0.019657754,0.440928823,0.013307306,0.012067532
0.500890628,0.000584556,0.043506848,0.019871499,0.409834292,0.013240345,0.012071832
0.657092205,0.000378119,0.034974301,0.014715345,0.275210938,0.008991673,0.008637419
0.529884375,0.00035394,0.027366453,0.012627172,0.414542836,0.007739469,0.007485754
0.519554261,0.000300021,0.023288872,0.010689758,0.433422333,0.006380451,0.006364304
0.530981186,0.000218277,0.01787883,0.008065708,0.433563348,0.004530445,0.004762205
0.720358858,0.000204385,0.019121863,0.008169368,0.242899933,0.004505106,0.004740487
0.582719827,0.000230905,0.019325496,0.008523155,0.379163536,0.004964171,0.005072911
0.488732196,0.000578588,0.042854875,0.019745039,0.423161438,0.012931979,0.011995885
0.270873843,0.000338535,0.021888996,0.011158561,0.682755879,0.006299725,0.006684461
0.311952313,0.000882013,0.046218696,0.02432626,0.585778879,0.01526043,0.015581409
0.260948686,0.000346136,0.022160399,0.011210874,0.692242648,0.006303723,0.006787534
0.310486271,0.0002336,0.016969132,0.008179511,0.654782159,0.004491779,0.004857549
0.410789452,0.00022914,0.018072709,0.008333105,0.553100248,0.004549969,0.004925377
0.292919212,0.000312551,0.021556231,0.010513727,0.662521923,0.005829515,0.006346841
0.264804357,0.000632842,0.034224731,0.018509134,0.65975436,0.010602877,0.011471699
0.58468632,0.000225801,0.019734955,0.008888101,0.376788323,0.004585045,0.005091456
0.479995748,0.001198879,0.149322178,0.057784582,0.243982807,0.035462674,0.03225313
0.609920337,0.00031324,0.02814413,0.01206319,0.335635275,0.006796477,0.007127351
0.620847669,0.000415577,0.043672212,0.01905187,0.29707078,0.008476155,0.010465736
0.644695338,0.000268658,0.02529974,0.011490534,0.306251714,0.005700555,0.00629346
0.192532578,0.000181117,0.012512938,0.006474214,0.781330885,0.003245194,0.003723075
0.534304385,0.000217623,0.019100205,0.008840621,0.428295034,0.004248844,0.004993289
0.677937024,0.000393141,0.043003289,0.017847256,0.242154433,0.008795288,0.00986957
0.236754793,0.000217699,0.01534496,0.007644483,0.731615983,0.003923243,0.004498839
0.467424496,0.000263029,0.02180037,0.010414527,0.48918501,0.005007924,0.005904643
0.48726209,0.000189895,0.016301255,0.007463638,0.480856171,0.00362477,0.004302181
0.459232944,0.000332586,0.026013726,0.013146422,0.487522373,0.006453601,0.007298347
0.245752682,0.000205535,0.014483272,0.007148779,0.72439483,0.003766742,0.00424816
0.440318999,0.000211405,0.017198905,0.007994767,0.525396785,0.00423235,0.004646789
0.59726012,0.000251081,0.021554466,0.009440433,0.360582017,0.005338525,0.00557336
0.306983163,0.000435706,0.02741354,0.013652678,0.63495486,0.008135937,0.008424117
0.367163765,0.000377165,0.024873837,0.012685164,0.579988358,0.007459841,0.007451871
0.242778686,0.000289086,0.017849394,0.009153846,0.719018127,0.005365851,0.005545011
0.446778932,0.000226609,0.017179851,0.008167476,0.518233622,0.004621494,0.004792016
0.569223618,0.000343434,0.027423103,0.012956369,0.375106345,0.00750329,0.00744384
0.289585788,0.0002265,0.015873969,0.007998889,0.677381725,0.004259681,0.004673448
0.293927341,0.000206023,0.014644933,0.007477529,0.675501631,0.003958252,0.00428429
0.541151512,0.000899369,0.083957335,0.034081966,0.295271813,0.023752844,0.020885161
0.494133518,0.00027866,0.022345781,0.010496088,0.460952974,0.005684547,0.006108433
0.220423463,0.000178835,0.012915866,0.006522501,0.752981694,0.003202707,0.003774934
0.396516609,0.000324048,0.024262838,0.011528719,0.554091581,0.006400151,0.006876054
0.624973769,0.000306243,0.027214972,0.012094664,0.321823201,0.006565782,0.007021368
0.519690673,0.000268197,0.021994038,0.010640562,0.436071149,0.005355541,0.005979839
0.240002362,0.000175431,0.012569203,0.006626011,0.733691659,0.00322745,0.003707884
0.27949624,0.001024073,0.048171327,0.027691526,0.610418004,0.015762438,0.017436391
0.264751747,0.000760594,0.039028452,0.021998581,0.647763917,0.012144939,0.01355177
0.335273289,0.000254478,0.020693925,0.01051312,0.62297152,0.004520977,0.00577269
0.346653044,0.00031022,0.024788838,0.012037938,0.603807841,0.005542335,0.006859784
0.53650505,0.000300581,0.029133618,0.013839076,0.407288606,0.005589219,0.00734385
0.472418248,0.000289964,0.025762773,0.011866635,0.477485766,0.005483937,0.006692678
0.631760811,0.000272776,0.027291458,0.012416712,0.316181616,0.005422034,0.006654593
0.658552652,0.000402436,0.051481105,0.02039584,0.249827471,0.008431688,0.010908807
0.306931122,0.000329538,0.024446175,0.011857529,0.643647551,0.00579228,0.006995805
0.654953038,0.000322683,0.032167124,0.013211557,0.284640481,0.006991856,0.007713261
0.555799088,0.000858562,0.100668211,0.037648484,0.260369498,0.022727418,0.021928739
0.611388313,0.000468765,0.04662219,0.020620104,0.299514664,0.009992787,0.011393178
0.520156716,0.000742965,0.076284583,0.032192027,0.337746089,0.014452847,0.018424773
0.48038716,0.000363878,0.032366764,0.015205094,0.456278173,0.006910042,0.008488889
0.602513781,0.000561056,0.061418929,0.023738492,0.284814186,0.0128161,0.014137456
0.508432016,0.000445338,0.043296832,0.019237897,0.409254119,0.008432181,0.010901617
0.134456237,0.004456117,0.209939947,0.308386015,0.113834518,0.066702754,0.162224412
0.129959816,0.013267805,0.174263554,0.241743771,0.117544183,0.122082947,0.201137924
0.546465887,0.000598124,0.062088271,0.031074297,0.332673041,0.011641791,0.01545859
0.410194655,0.000507056,0.039956342,0.022007417,0.506838509,0.00882824,0.011667782
0.421363142,0.000546402,0.042339617,0.02350997,0.490207762,0.009718109,0.012314998
0.35045674,0.000597756,0.040915095,0.024493433,0.560703373,0.010031569,0.012802033
0.208694683,0.000447043,0.025367149,0.015059774,0.734925976,0.006889888,0.008615487
0.349753008,0.000846805,0.051769395,0.031581282,0.534925417,0.013926307,0.017197785
0.297692431,0.000689348,0.043198667,0.027144385,0.606319594,0.010433729,0.014521845
0.412251688,0.000805078,0.06759565,0.039167992,0.447076463,0.01316064,0.019942489
0.393929161,0.000486929,0.039644203,0.021331115,0.52490912,0.008255195,0.011444277
0.380454601,0.000619749,0.047284483,0.027643513,0.519412734,0.010223909,0.01436101
0.448738392,0.000697855,0.059052485,0.033348869,0.428864595,0.012372865,0.016924938
0.451118896,0.001007241,0.106822554,0.058505443,0.33663698,0.017754098,0.028154787
0.396036758,0.001178689,0.102940046,0.06568994,0.384142488,0.018708377,0.031303703
0.284711217,0.00050653,0.033646505,0.018916319,0.643458172,0.00805261,0.010708648
0.341283984,0.000545003,0.039224329,0.022778183,0.575151653,0.008882184,0.012134665
0.235116981,0.000669951,0.034009709,0.021664319,0.686355724,0.009944344,0.012238972
0.260491949,0.000318581,0.022694002,0.01322959,0.69109094,0.005230581,0.006944358
0.202634107,0.000392906,0.022514803,0.013520398,0.747108919,0.00620344,0.007625428
0.221580849,0.00044223,0.02621045,0.015914421,0.720173587,0.00685358,0.008824882
0.204338041,0.000286223,0.019094914,0.011177802,0.754452695,0.00461208,0.006038246
0.340554498,0.000388005,0.029469927,0.01672199,0.597524445,0.006540425,0.00880071
0.387490178,0.001450627,0.09621629,0.066813267,0.391179979,0.02410772,0.03274194
0.303612546,0.000887517,0.050307594,0.034443158,0.579765618,0.013329657,0.01765391
0.34379501,0.001612542,0.084356424,0.06458334,0.449877437,0.023819872,0.031955374
0.342580282,0.001342057,0.074047757,0.054456912,0.480445362,0.020049606,0.027078024
0.358613268,0.000690452,0.046753157,0.030044738,0.537453569,0.011485267,0.014959549
0.322984001,0.00249272,0.113278194,0.095950247,0.383519622,0.034491156,0.04728406
0.38374423,0.001384402,0.090864829,0.059564692,0.41097031,0.022753086,0.03071845
0.301296433,0.002565493,0.174763138,0.150201788,0.261410362,0.042310558,0.067452228
0.392164734,0.001261791,0.0862721,0.051968677,0.419043752,0.020817736,0.028471211
0.332176477,0.001127004,0.064495644,0.044060271,0.518370288,0.016639427,0.023130889
0.38865369,0.0012624,0.11530963,0.077908103,0.362182046,0.019849086,0.034835045
0.416642964,0.001316236,0.186231659,0.059251742,0.271978495,0.027004397,0.037574507
0.402239619,0.000749782,0.065790557,0.032169855,0.468455759,0.012336956,0.018257471
0.326807565,0.001534926,0.220688703,0.11947192,0.252799347,0.025314848,0.05338269
0.336605434,0.001670629,0.166995613,0.127089944,0.290387233,0.027149884,0.050101262
0.26796854,0.002712442,0.228618413,0.089156383,0.186558744,0.160184753,0.064800725
0.124319077,0.003444636,0.141257165,0.075887675,0.099755508,0.4897461,0.065589838
0.508049919,0.001107258,0.133561626,0.044768018,0.249540069,0.034935767,0.028037343
0.586199299,0.000566975,0.051724564,0.020294982,0.315001921,0.013484976,0.012727283
0.650385248,0.000366985,0.033862733,0.014004533,0.284293581,0.008704783,0.008382137
0.501413669,0.001029163,0.087618127,0.037246529,0.322220615,0.027525842,0.022946055
0.328501237,0.002326454,0.212054345,0.085419831,0.227121098,0.087153153,0.057423883
0.171842418,0.003721213,0.198738984,0.099487895,0.133304205,0.311341255,0.08156403
0.296771124,0.002395859,0.236554778,0.086094756,0.197381649,0.119998167,0.060803667
0.512964732,0.001064971,0.121776209,0.04443643,0.262050782,0.030675918,0.027030959
0.108031926,0.003280277,0.165260611,0.079006832,0.084101958,0.484621809,0.075696586
0.376028082,0.001619592,0.242354214,0.066863155,0.209736339,0.057762078,0.04563654
0.284576358,0.001954234,0.312504141,0.086582678,0.174118228,0.080836003,0.059428358
0.509622495,0.000987534,0.159253064,0.045872922,0.228709988,0.027759115,0.027794883
0.477891927,0.000605679,0.043763024,0.020112173,0.432654551,0.012478993,0.012493653
0.308586514,0.000270995,0.01851965,0.008900252,0.653037481,0.005246979,0.005438129
0.599243478,0.000374656,0.031849565,0.013428679,0.338436612,0.008436139,0.00823087
0.561778994,0.000562585,0.049891048,0.020031516,0.342128683,0.012971308,0.012635867
0.457274854,0.001426423,0.139933099,0.057031671,0.26291522,0.047001899,0.034416834
0.211767471,0.00306938,0.269384207,0.096628725,0.151790215,0.187968057,0.079391944
0.225897967,0.003472497,0.264734345,0.106233613,0.168013564,0.145931276,0.085716738
0.235043364,0.002964612,0.264058541,0.093967033,0.168498212,0.160129725,0.075338514
0.240660994,0.003032826,0.278574669,0.089253112,0.172775838,0.139643124,0.076059436
0.048617114,0.003425417,0.066706243,0.044777941,0.041282463,0.746951521,0.048239301
0.072612963,0.007457505,0.091793254,0.06897728,0.063819566,0.621238386,0.074101045
0.048322157,0.002617272,0.061546885,0.040950331,0.040737437,0.765944829,0.039881088
0.080111067,0.009077248,0.10019293,0.079159221,0.070852608,0.576687399,0.083919528
0.08777978,0.011816286,0.109310564,0.085458963,0.078354411,0.533533228,0.093746767
0.038057314,0.003023124,0.051292192,0.03667243,0.03263425,0.799194757,0.039125933
0.169244685,0.0032681,0.21917803,0.090310228,0.126789419,0.313601692,0.077607848
0.126739039,0.003060679,0.171269164,0.080746964,0.097775458,0.449137599,0.071271098
0.027964046,0.001610783,0.041640815,0.025892707,0.0231882,0.851915048,0.027788402
0.019482198,0.001097207,0.029381787,0.01806993,0.016071393,0.896481583,0.019415902
0.08684177,0.009961687,0.113498357,0.085456624,0.076517602,0.532349662,0.095374298
0.056654586,0.004349184,0.083314218,0.054102829,0.048016262,0.691336614,0.062226307
0.197457141,0.003426178,0.195702718,0.092134177,0.151484946,0.287107123,0.072687718
0.201909573,0.003022785,0.233777063,0.098685459,0.14776397,0.238813091,0.076028059
0.06422696,0.006018692,0.087425128,0.065447685,0.055661457,0.650062643,0.071157436
0.040436664,0.003158758,0.056141576,0.041078663,0.034537004,0.781343676,0.043303658
0.183948019,0.003108695,0.216729575,0.093834559,0.13641641,0.291076106,0.074886636
0.06927325,0.002346511,0.099105832,0.055766523,0.055014893,0.667494989,0.050998003
0.117110138,0.011575624,0.140768728,0.113357782,0.104816446,0.396648364,0.115722918
0.095282463,0.005114539,0.122659762,0.088993531,0.080595922,0.524306627,0.083047154
0.231627511,0.005492673,0.180527788,0.187098745,0.215202855,0.078647682,0.101402745
0.212489769,0.004876713,0.190370951,0.217999879,0.186960396,0.080839853,0.106462439
0.230682867,0.007379028,0.175761745,0.161006163,0.220264329,0.097122365,0.107783504
0.288216661,0.003106198,0.18428755,0.144373279,0.253394338,0.051442828,0.075179147
0.16557059,0.026854174,0.166279022,0.183648262,0.160862885,0.138490027,0.158295041
0.210179491,0.0063153,0.186864664,0.199452706,0.193152209,0.088532557,0.115503073
0.163212382,0.018208509,0.171015217,0.207247337,0.155866692,0.124356678,0.160093186
0.111092806,0.004361725,0.170500025,0.41828993,0.098759071,0.051369499,0.145626945
0.274421987,0.002505528,0.178662261,0.192462051,0.245005196,0.039686993,0.067255985
0.153893361,0.003129507,0.185921251,0.372386169,0.138081579,0.041324759,0.105263375
0.118613416,0.002045689,0.198513089,0.457237742,0.098103473,0.031443214,0.094043377
0.212010807,0.002157808,0.246531645,0.251736191,0.170456605,0.036678384,0.08042856
0.118506877,0.004554299,0.194299448,0.360048111,0.103493983,0.06274202,0.156355261
0.138085954,0.006327913,0.188908478,0.316128681,0.126234745,0.070094198,0.154220032
0.108731349,0.00216103,0.242892344,0.398733795,0.090338329,0.031922925,0.125220228
0.110609329,0.002198249,0.229305068,0.407093549,0.092381936,0.03205213,0.126359739
0.077821948,0.006015371,0.141097405,0.389038791,0.069559067,0.053149388,0.263318029
0.093832796,0.008324775,0.158380293,0.295936338,0.085001581,0.063490424,0.295033793
0.112867697,0.021331708,0.159732566,0.242998814,0.106530248,0.086268019,0.270270948
0.124821195,0.218930998,0.130291726,0.136112494,0.123964069,0.127352117,0.138527402
0.070053254,0.002683539,0.146499126,0.538026273,0.058727724,0.042713855,0.14129623
0.103360267,0.003169839,0.161369704,0.47863204,0.091320169,0.039474814,0.122673168
0.105454586,0.001846674,0.215359534,0.464861925,0.083688856,0.034163271,0.094625154
0.093351513,0.002447124,0.177083861,0.491679911,0.07971985,0.034493233,0.121224509
0.072077981,0.007822205,0.134781158,0.295608324,0.065019377,0.053398362,0.371292592
0.099472662,0.013087481,0.153364944,0.313575818,0.092286012,0.074904044,0.25330904
0.089478987,0.00315321,0.152114039,0.496827372,0.079813282,0.035196419,0.143416692
0.106762251,0.002594831,0.247451281,0.337693055,0.08932343,0.036100992,0.18007416
0.127359289,0.001880331,0.285734879,0.342496838,0.102401371,0.028475337,0.111651955
0.077054383,0.002534436,0.181787937,0.477350924,0.06479604,0.037342888,0.159133392
0.090727569,0.001824766,0.265385894,0.418288403,0.072011643,0.032018226,0.1197435
0.091315548,0.009949933,0.15384621,0.296492614,0.082919337,0.073538474,0.291937884
0.22860174,0.001870785,0.289198599,0.192199496,0.1822414,0.030834344,0.075053635
0.158366203,0.00225605,0.296712123,0.264178975,0.129728277,0.034925007,0.113833366
0.098446786,0.012987447,0.158470297,0.250888718,0.091226103,0.071436851,0.316543798
0.090841535,0.018503193,0.151972894,0.218786984,0.083516422,0.08097572,0.355403252
0.106693117,0.001870241,0.433347568,0.209245064,0.083396112,0.030700949,0.134746949
0.136173949,0.001489093,0.40770115,0.24185293,0.101323293,0.026429442,0.085030142
0.101079314,0.001728968,0.246365669,0.435927201,0.081807484,0.026317391,0.106773972
0.218229152,0.001420454,0.387126187,0.149972024,0.150757722,0.028210084,0.064284377
0.066717146,0.001689989,0.283040582,0.406568191,0.051685971,0.035628113,0.154670008
0.068304021,0.000963375,0.608200733,0.174595192,0.048777964,0.021976969,0.077181745
0.066491061,0.001989068,0.296647459,0.261532793,0.053599522,0.031001729,0.288738368
0.032114292,0.001574618,0.104057863,0.326819841,0.026658342,0.021754948,0.487020096
0.060090607,0.0022048,0.136242135,0.57547135,0.050906431,0.029284041,0.145800636
0.053821698,0.002442102,0.131999316,0.529886126,0.045763795,0.030602359,0.205484605
0.300542981,0.001910032,0.2666894,0.1148473,0.213836304,0.038502899,0.063671084
0.403403708,0.001258911,0.230449854,0.077275365,0.214920817,0.032895135,0.039796209
0.109694356,0.003415298,0.266420603,0.261975714,0.085326967,0.109845507,0.163321556
0.110995617,0.002481382,0.426639033,0.164836868,0.082417434,0.071114074,0.141515593
0.109839417,0.003286139,0.194579173,0.09580153,0.085374941,0.417757328,0.093361473
0.248499307,0.002051981,0.337483801,0.089695162,0.158469345,0.099169903,0.0646305
0.084266241,0.005352665,0.16186398,0.094624788,0.069286762,0.460637873,0.123967691
0.165486836,0.002333095,0.392951878,0.109501975,0.113587282,0.129441442,0.086697492
0.081722747,0.003434514,0.141820329,0.07363153,0.06547066,0.553176633,0.080743586
0.089728627,0.005286542,0.214458223,0.120926044,0.072266465,0.316470099,0.180864
0.142677232,0.002385793,0.446739886,0.111682494,0.100608904,0.09875348,0.09715221
0.154574571,0.002806151,0.386292618,0.105547079,0.110930585,0.141486928,0.098362068
0.186803106,0.002222915,0.381576336,0.100511222,0.125022192,0.125788364,0.078075864
0.159034847,0.002074432,0.446711561,0.097604214,0.107120523,0.106334241,0.081120182
0.177841847,0.001333928,0.537031038,0.074390353,0.108375324,0.047198856,0.053828654
0.102362285,0.002359193,0.467116942,0.119026025,0.075096616,0.105606186,0.128432754
0.123086215,0.002049167,0.484196821,0.100908933,0.085595733,0.11041518,0.093747952
0.169709021,0.001635013,0.50054064,0.091654097,0.109341454,0.060935026,0.066184749
0.10237589,0.010522007,0.155286646,0.131444891,0.088811431,0.355496206,0.156062929
0.132377314,0.001373279,0.52570967,0.143012895,0.096068579,0.026425489,0.075032773
0.160377845,0.001451301,0.489646795,0.130865584,0.114805486,0.028994871,0.073858118
0.087100055,0.002653753,0.422214009,0.132312505,0.067556479,0.065565603,0.222597596
0.073220338,0.006451599,0.184438664,0.146150899,0.06207572,0.099548623,0.428114157
0.154118338,0.001485928,0.550384304,0.085804468,0.106111212,0.034939868,0.067155881
0.087322042,0.001543765,0.606273588,0.098159002,0.063816211,0.037212362,0.10567303
0.090054163,0.001547321,0.604251881,0.098638713,0.066018517,0.036673174,0.10281623
0.149828106,0.003046218,0.396150101,0.136665177,0.120008908,0.051955455,0.142346035
0.381578652,0.00063064,0.048907187,0.022226537,0.52184931,0.011021369,0.013786305
0.404009685,0.001134202,0.271606567,0.058882309,0.196475303,0.031258907,0.036633027
0.135136802,0.001187083,0.616938429,0.070006028,0.085894271,0.037150599,0.053686788
0.143091039,0.00144949,0.524332331,0.115041271,0.091278619,0.056800915,0.068006335
0.415942852,0.001216023,0.227795545,0.056243984,0.232248172,0.029452869,0.037100555
0.180253362,0.001624628,0.469378301,0.108739377,0.11434547,0.059112784,0.066546079
0.199336102,0.001794147,0.441348814,0.102862963,0.129562046,0.058006485,0.067089441
0.147387733,0.001428683,0.553967635,0.096047773,0.10373245,0.029361975,0.06807375
0.073740503,0.012130277,0.149180653,0.171268498,0.065659687,0.077971239,0.450049143
0.237075212,0.001578028,0.402340599,0.097896443,0.1649679,0.032525397,0.063616421
0.062972008,0.003108376,0.218579242,0.164867134,0.051896166,0.045711183,0.452865891
0.061996059,0.00339433,0.211532408,0.162256095,0.050700248,0.060536005,0.449584856
0.07337924,0.001373559,0.441782892,0.26713746,0.055497757,0.027371962,0.133457131
0.040136289,0.000527708,0.792481396,0.084676754,0.028073676,0.012430297,0.04167388
0.165936556,0.00093657,0.573374194,0.0915765,0.102525895,0.020703979,0.044946306
0.054899171,0.00066217,0.756880787,0.086823714,0.0383544,0.015060854,0.047318904
0.055926966,0.001259056,0.468597294,0.241605774,0.042326845,0.025824859,0.164459207
0.072238114,0.002080988,0.309329405,0.255386386,0.058291049,0.033189896,0.269484163
0.096728863,0.041847707,0.154715351,0.190908202,0.089226168,0.115569296,0.311004415
0.032726714,0.001855426,0.118719903,0.140031414,0.026728017,0.034329243,0.645609283
0.080280139,0.001551567,0.515058873,0.176164997,0.061063658,0.031299793,0.134580973
0.050691885,0.004286133,0.137880188,0.139341392,0.043123344,0.055303369,0.569373689
0.059997153,0.00435346,0.159937508,0.151444439,0.051337277,0.051385415,0.521544748
0.05127067,0.003298282,0.150772762,0.142252087,0.043274727,0.043794036,0.565337436
0.097912682,0.038498424,0.159773006,0.178437248,0.089869483,0.118743,0.316766157
0.069967605,0.475847875,0.087973944,0.097973645,0.067141271,0.08074856,0.120347099
0.417654522,0.001209748,0.22321023,0.057210995,0.234114835,0.029356092,0.037243578
0.095103919,0.001276948,0.653524105,0.077114461,0.064694671,0.040321085,0.067964811
0.106769089,0.004466617,0.300289659,0.125305442,0.084185088,0.193482787,0.185501318
0.09301783,0.025314053,0.164415283,0.15743174,0.082324918,0.20244105,0.275055126
0.087141043,0.007562738,0.188107757,0.127072799,0.072628379,0.305267645,0.212219638
0.064919017,0.001158348,0.673413852,0.097919914,0.046443597,0.03205458,0.084090691
0.103601995,0.002688646,0.425449139,0.137390989,0.076875857,0.107419148,0.146574228
0.087942302,0.002155395,0.481150791,0.153672236,0.065864157,0.056827555,0.152387565
0.235938437,0.001149833,0.476271004,0.073126115,0.137254017,0.029778273,0.046482321
0.190189464,0.001219052,0.52990633,0.07529167,0.113231175,0.040538879,0.04962343
0.042758776,0.000568287,0.808603148,0.061961313,0.029045522,0.017913659,0.039149295
0.086947389,0.000757693,0.741114642,0.054561356,0.054072743,0.024864753,0.037681425
0.047348546,0.000688159,0.799429413,0.052494669,0.032428447,0.022506266,0.045104501
0.085812255,0.004876086,0.258088266,0.144802857,0.069110186,0.156279281,0.281031069
0.063381307,0.005740589,0.171281372,0.149099559,0.053018004,0.09674208,0.460737088
0.047153349,0.002947924,0.153561183,0.159653653,0.038646808,0.053805357,0.544231728
0.071671648,0.000657588,0.770918364,0.057221379,0.046936147,0.015855795,0.036739079
0.222405573,0.001116001,0.491663771,0.077989745,0.134071037,0.025361289,0.047392584
0.138712374,0.000885572,0.640841957,0.07093168,0.085251548,0.021595024,0.041781844
0.107690076,0.000763651,0.709735118,0.058488755,0.066288264,0.019997427,0.037036709
0.132587864,0.001195812,0.616959285,0.073580879,0.086027785,0.034398756,0.055249619
0.085611721,0.002676269,0.421615879,0.135376978,0.065524894,0.079840428,0.20935383
0.079101494,0.006632138,0.203757936,0.147035008,0.065689152,0.161148528,0.336635744
0.122210975,0.001001298,0.643854453,0.077996869,0.081178903,0.0220133,0.051744202
0.089004427,0.001668986,0.566829658,0.120068268,0.067097887,0.034551242,0.120779533
0.063816012,0.001550316,0.536926683,0.149803977,0.047016315,0.046271734,0.154614962
0.062426033,0.003242137,0.229639603,0.154639908,0.050632864,0.06110398,0.438315475
0.0991826,0.037613257,0.16606221,0.164130001,0.08956137,0.156999842,0.28645072
0.097354107,0.248453449,0.12661366,0.128864394,0.091849541,0.141913327,0.164951523
0.09926502,0.214801131,0.132774782,0.137542127,0.093286893,0.142042831,0.180287217
0.024498611,0.826668726,0.029203517,0.030886505,0.023652907,0.029071444,0.03601829
0.399247869,0.001238998,0.234987053,0.068483258,0.225345742,0.030040396,0.040656682
0.078480575,0.001111318,0.625948778,0.132749848,0.055858683,0.025474701,0.080376098
0.154546207,0.002339947,0.391413347,0.168166832,0.118132317,0.044215568,0.121185783
0.20114588,0.001647503,0.395524398,0.149100401,0.144956185,0.0302347,0.077390934
0.376542983,0.001232854,0.215310528,0.084019743,0.257700252,0.022088581,0.043105059
0.235112463,0.00139431,0.387462394,0.127045488,0.161199097,0.026767582,0.061018665
0.254695287,0.001569724,0.351866948,0.121551628,0.177555416,0.028985425,0.063775571
