C1,C2,C3,C4,C5,C6,C7,C8,C9,C10,C11
0.020619417,0.008192146,0.167592045,0.000334941,0.47147152,0.022741182,0.0041908,0.005139434,0.012607204,0.001939645,0.285171667
0.027078544,0.008991346,0.362182238,0.000290375,0.241851941,0.030898304,0.004450129,0.005248651,0.013759397,0.001823991,0.303425085
0.013715677,0.004589261,0.187977587,0.000154209,0.303940836,0.014280871,0.002234056,0.002510279,0.007299689,0.000959469,0.462338067
0.007686656,0.002695988,0.139339213,9.64E-05,0.410068774,0.008420206,0.001341838,0.001631057,0.004270385,0.000583585,0.42386592
0.013694549,0.004528446,0.214819111,0.000151087,0.245999011,0.014516422,0.002267059,0.002565573,0.007343832,0.000936989,0.493177921
0.024948282,0.008242602,0.191572803,0.000276327,0.243282655,0.024067044,0.004342834,0.004301911,0.014250965,0.001719536,0.48299504
0.017635552,0.005998804,0.145412543,0.000206061,0.271207842,0.016920594,0.003083042,0.003103234,0.010138926,0.001276176,0.525017226
0.029104235,0.00950102,0.197675278,0.000311348,0.247336403,0.02703108,0.00488362,0.004796465,0.016664065,0.001955587,0.4607409
0.012679056,0.004386428,0.124504177,0.000155348,0.24766009,0.012654657,0.002322702,0.002438457,0.007262957,0.000948549,0.584987579
0.009483669,0.003458223,0.109991831,0.000131655,0.39614896,0.00997387,0.001837127,0.00212173,0.005677871,0.000779879,0.460395184
0.010896424,0.004017093,0.099114236,0.000154809,0.357785822,0.010987381,0.002172494,0.002352117,0.006682259,0.000919326,0.504918039
0.010185905,0.003567848,0.107534684,0.000128125,0.262528535,0.010256192,0.001853521,0.002006076,0.005988805,0.000775222,0.595175087
0.007056855,0.002635576,0.084716129,0.000101984,0.388351828,0.007543364,0.001428183,0.001614466,0.004153763,0.000599584,0.501798269
0.011733871,0.004608845,0.102986271,0.000189079,0.520240064,0.012437194,0.002421736,0.002816034,0.007097062,0.0010944,0.334375444
0.01432468,0.005625549,0.13135766,0.000230698,0.523350501,0.015708001,0.002934517,0.003541112,0.008863143,0.001324872,0.292739268
0.005828642,0.00213549,0.089058156,8.01E-05,0.56980857,0.006490944,0.001088021,0.001291343,0.003359531,0.000472986,0.320386243
0.007240938,0.002721905,0.087550921,0.00010601,0.571580055,0.007904698,0.001392849,0.001669097,0.004275366,0.000620448,0.314937713
0.007353217,0.002458485,0.135658336,8.41E-05,0.224937809,0.007867234,0.001251644,0.001404165,0.004104735,0.000512895,0.614367364
0.016806494,0.006909942,0.132038459,0.000299422,0.508788311,0.018268014,0.003664398,0.00446211,0.010514755,0.001695867,0.296552229
0.011528243,0.004580228,0.106099767,0.000190288,0.562435851,0.012516552,0.002426257,0.002881306,0.007088659,0.001092188,0.28916066
0.010503013,0.004067357,0.105701223,0.000162298,0.57496013,0.011417276,0.002081435,0.002497387,0.006298048,0.000945204,0.281366629
0.0105986,0.004141829,0.096579929,0.000169302,0.55135225,0.011272195,0.002164906,0.002526672,0.006487238,0.000977834,0.313729244
0.006557873,0.002433281,0.079860996,9.31E-05,0.527003235,0.007035443,0.001271876,0.001450415,0.003872484,0.00054982,0.369871442
0.004705996,0.001696682,0.084142121,6.28E-05,0.609535272,0.00523732,0.000859538,0.001042468,0.002663942,0.000374993,0.289678877
0.007907958,0.002975791,0.098278257,0.000115913,0.568607827,0.008698867,0.001560242,0.001832928,0.0047178,0.000678055,0.304626362
0.016432748,0.005357009,0.304396984,0.000177068,0.26225547,0.018009985,0.002704159,0.003077232,0.009053721,0.001092019,0.377443606
0.005172212,0.001815069,0.086521216,6.53E-05,0.451421481,0.005563561,0.000917275,0.001054834,0.002967772,0.000392223,0.444109012
0.00865507,0.002891661,0.198270561,9.88E-05,0.303428909,0.00951727,0.001442185,0.001701163,0.004810736,0.000604576,0.468579074
0.009011092,0.003432971,0.115164039,0.000132535,0.557643886,0.010136671,0.001726828,0.002096454,0.005144273,0.0007729,0.294738352
0.008943211,0.003314673,0.135057869,0.000124083,0.509361314,0.010157132,0.001682196,0.002008254,0.005029214,0.000732065,0.32358999
0.004261615,0.001591218,0.071218768,6.00E-05,0.718149576,0.004862689,0.000785754,0.000975839,0.002403372,0.000352935,0.195338256
0.006101634,0.002320447,0.093861605,8.91E-05,0.66367597,0.007040448,0.001165774,0.001448756,0.003463537,0.000520305,0.220312383
0.005331281,0.001973216,0.08664628,7.34E-05,0.681657334,0.006066336,0.000968235,0.001186171,0.002985348,0.000434842,0.212677561
0.005960743,0.00209702,0.121043171,7.41E-05,0.467291319,0.006664189,0.001049805,0.001212533,0.003286457,0.000446251,0.390874415
0.007722589,0.002712276,0.198886346,9.42E-05,0.409638642,0.008937319,0.001317726,0.001586856,0.004155109,0.000567188,0.364381774
0.005852606,0.002150824,0.07408462,8.13E-05,0.408696817,0.006230783,0.001138718,0.001270583,0.00342687,0.000481116,0.49658581
0.005852811,0.002184801,0.086948373,8.32E-05,0.50342041,0.006484965,0.001140635,0.001354232,0.003392786,0.000490934,0.388646823
0.003937351,0.001454461,0.056054463,5.47E-05,0.685381263,0.004312933,0.000728454,0.000868302,0.002262681,0.000324468,0.244620935
0.008875582,0.003314416,0.097483132,0.000126327,0.402765011,0.009389165,0.001744038,0.001948663,0.005220375,0.000749254,0.468384038
0.008240642,0.002857517,0.115318477,0.000100082,0.393680545,0.008689437,0.001395755,0.001589058,0.004605326,0.000611994,0.462911168
0.0151254,0.006171788,0.128257448,0.000263698,0.526837798,0.016666834,0.003229011,0.004025679,0.009285341,0.001498248,0.288638755
0.012195854,0.004695519,0.113753389,0.000188632,0.35471198,0.012865809,0.00269857,0.002913063,0.00741745,0.001093996,0.487465738
0.01490863,0.006132928,0.12587021,0.000266117,0.480103367,0.016405657,0.003429013,0.004021879,0.009187477,0.001496559,0.338178162
0.004569162,0.001730591,0.059753429,6.74E-05,0.626959028,0.005014535,0.000897491,0.001069607,0.002661027,0.000394913,0.29688284
0.004434867,0.001680361,0.057936585,6.53E-05,0.686502286,0.00489112,0.00086329,0.001027014,0.002573678,0.000382166,0.239643366
0.005423643,0.002054047,0.068992301,7.98E-05,0.661343398,0.005982702,0.001045496,0.001262076,0.003138204,0.000468892,0.250209403
0.007315276,0.002708446,0.08550398,0.000103715,0.300228019,0.007770352,0.001507249,0.001627645,0.004347435,0.000609672,0.58827821
0.006710347,0.002493504,0.07988175,9.58E-05,0.412457283,0.007154228,0.00133565,0.001495932,0.003996917,0.0005615,0.483817056
0.017026827,0.0070274,0.134643665,0.000305279,0.496238213,0.018664445,0.003761348,0.004591679,0.010530212,0.001720922,0.30549001
0.005132096,0.001814328,0.101532719,6.53E-05,0.330081411,0.005680566,0.000934907,0.001103753,0.002869862,0.000391274,0.550393777
0.013903522,0.005329593,0.115226127,0.000214127,0.464487797,0.014415176,0.002856221,0.003172005,0.008587049,0.001246723,0.37056166
0.006350024,0.002244775,0.077409594,8.15E-05,0.357563542,0.006575153,0.001141472,0.001268625,0.003640295,0.000491373,0.543233665
0.006729878,0.002445524,0.078952802,9.16E-05,0.303268574,0.007045329,0.001316615,0.001433591,0.004020373,0.000544707,0.594151035
0.015191669,0.006098764,0.113417965,0.000258763,0.487111712,0.015837207,0.003291148,0.003715342,0.009587339,0.001480254,0.344009836
0.008112444,0.002966753,0.088236325,0.00011125,0.487922938,0.008499249,0.001498691,0.001696207,0.004759031,0.000664085,0.395533027
0.012624588,0.004901187,0.105981103,0.00019804,0.403999693,0.013125982,0.002698544,0.002919819,0.007723916,0.001148323,0.444678805
0.010250918,0.003993167,0.09228098,0.000163142,0.46279112,0.010755714,0.002201198,0.002420918,0.0063337,0.000943064,0.40786608
0.004558281,0.001709291,0.059104527,6.56E-05,0.601837564,0.004961447,0.000878152,0.001023643,0.002654568,0.000385914,0.322820984
0.010696264,0.004174754,0.092120181,0.00017031,0.460803248,0.011137264,0.002270065,0.002503241,0.006579197,0.000988036,0.408557438
0.010041923,0.00380186,0.08979296,0.000149392,0.449296917,0.010325356,0.002006595,0.00220365,0.006090018,0.000877103,0.425414225
0.01415699,0.005628211,0.114059154,0.000233504,0.508584945,0.014934568,0.002930526,0.003420639,0.008736789,0.001343329,0.325971344
0.008995338,0.003378199,0.093164813,0.000130234,0.530088145,0.009529394,0.001715311,0.001977848,0.005328539,0.000765682,0.344926495
0.007894626,0.002848381,0.095790187,0.000103458,0.388069982,0.008336092,0.001419988,0.001592721,0.004485493,0.000621351,0.48883772
0.008607138,0.002900697,0.112839974,9.84E-05,0.238172043,0.008830514,0.001437506,0.001547571,0.004734233,0.000604156,0.620227739
0.008471839,0.002919204,0.112026345,0.000102737,0.295308764,0.008897234,0.001486665,0.001633221,0.004736378,0.000626602,0.563791012
0.017295039,0.007018133,0.118838513,0.000304223,0.41666227,0.017725997,0.004025193,0.00430887,0.011189495,0.001729045,0.400903222
0.014365141,0.00545115,0.10641442,0.000215295,0.354910631,0.014240794,0.002988472,0.003094268,0.00895857,0.00126765,0.48809361
0.015923663,0.006240565,0.116726406,0.000257141,0.441849094,0.016189006,0.003405255,0.003681064,0.010094005,0.001493382,0.384140418
0.005719906,0.002093104,0.063824409,7.94E-05,0.386298285,0.005918034,0.001109881,0.001217566,0.003420697,0.000471965,0.529846743
0.016175435,0.00643039,0.117125743,0.000268521,0.467765724,0.016639428,0.003409403,0.003812872,0.010158632,0.001546778,0.356667075
0.017096246,0.007008376,0.12123672,0.000306091,0.452957979,0.01785416,0.00389968,0.004405853,0.01099893,0.001732524,0.362503441
0.017399138,0.00716308,0.123107571,0.000314179,0.462963114,0.018247984,0.003986669,0.004526974,0.011162324,0.001778138,0.349350827
0.00753045,0.002714917,0.081535815,0.000102039,0.287769449,0.007741666,0.001501163,0.001586936,0.004571807,0.000606985,0.604338773
0.009345796,0.003482551,0.085686149,0.000135957,0.334661048,0.009504029,0.001946472,0.00205344,0.005789667,0.000801128,0.546593763
0.007496588,0.002672075,0.076586701,9.88E-05,0.241404575,0.007554982,0.001437473,0.001522163,0.004474078,0.000591754,0.656160861
0.023991327,0.008453266,0.172985497,0.000303948,0.253318539,0.023576671,0.004999974,0.004683502,0.014545659,0.001844374,0.491297242
0.014414811,0.005865835,0.115477878,0.000254773,0.480266131,0.015349303,0.003289257,0.003769811,0.009177296,0.001440507,0.350694399
0.009234445,0.00362346,0.085955179,0.000149261,0.540500375,0.009811261,0.001951725,0.002229366,0.005691228,0.00085895,0.339994749
0.013875529,0.005662418,0.109639565,0.000246117,0.484948417,0.014730166,0.003165231,0.003608345,0.008745445,0.001392533,0.353986233
0.007485695,0.002812033,0.079816482,0.000109986,0.440173833,0.007864687,0.001522204,0.001692604,0.004589176,0.000644305,0.453288994
0.009355536,0.00357661,0.088551895,0.000142444,0.511182142,0.009807984,0.001863365,0.002143236,0.005715007,0.000831081,0.3668307
0.008910208,0.003055257,0.150141881,0.000107801,0.293645518,0.009622822,0.001585906,0.001825809,0.005190939,0.000650603,0.525263256
0.010415718,0.003576772,0.144159482,0.000125932,0.25726895,0.010959578,0.001852796,0.002079743,0.006038313,0.000762109,0.562760607
0.008225929,0.003177409,0.088265918,0.000127624,0.492607826,0.008853671,0.001703507,0.001995704,0.004973129,0.000741414,0.38932787
0.022642631,0.009692916,0.139296385,0.000450936,0.42553354,0.023750934,0.00568301,0.006295032,0.014746825,0.002498599,0.349409193
0.014981944,0.006042328,0.119477636,0.000259651,0.461169986,0.015900872,0.003435715,0.003870247,0.009466517,0.001479975,0.363915129
0.011683311,0.0046609,0.100834167,0.000196318,0.466540648,0.012405159,0.002627825,0.002909604,0.007219332,0.001124383,0.389798353
0.014350907,0.005258154,0.152667186,0.000196046,0.285173657,0.015342646,0.002997559,0.003157743,0.00826163,0.001168332,0.511426141
0.009634092,0.003509252,0.133032113,0.000130632,0.321972634,0.010543871,0.001899357,0.002148778,0.005475512,0.000779776,0.510873984
0.007259761,0.002706423,0.084732043,0.000103305,0.358048714,0.007757532,0.001454114,0.001608758,0.004239976,0.000610584,0.531478789
0.00688026,0.002607893,0.088439054,0.000100969,0.425647556,0.007550324,0.001398099,0.001605618,0.003994505,0.000592193,0.461183529
0.007604892,0.002889889,0.105795032,0.00011238,0.485191278,0.008528293,0.001540628,0.001844372,0.00434782,0.000659938,0.381485479
0.005506038,0.001998134,0.091388834,7.35E-05,0.444766957,0.00610502,0.001030883,0.001209289,0.0030562,0.000440483,0.444424629
0.01062353,0.003923205,0.111510743,0.000148662,0.370120906,0.011123751,0.00213946,0.002297958,0.006184262,0.000889134,0.48103839
0.010096401,0.00380663,0.112766673,0.000145891,0.390579248,0.010920997,0.002005658,0.00229172,0.005926135,0.000858783,0.460601864
0.009778267,0.003535392,0.151243737,0.000127667,0.376825296,0.010961936,0.00180081,0.002102422,0.005474041,0.000763733,0.437386698
0.004628472,0.00167535,0.068669402,6.22E-05,0.507668254,0.005025589,0.000864023,0.000998684,0.002682196,0.000370377,0.407355413
0.014368593,0.005352199,0.140012578,0.000203877,0.320518171,0.015263321,0.002970338,0.003208367,0.008486301,0.00119998,0.488416275
0.007130508,0.002630844,0.088641083,9.93E-05,0.554993808,0.007735022,0.001328226,0.001561777,0.004163986,0.000587606,0.331127872
0.010888648,0.00376048,0.120680466,0.000132757,0.307453154,0.011127476,0.001938803,0.002076998,0.006348325,0.000808169,0.534784723
0.015813526,0.005706032,0.154885906,0.000211006,0.279565281,0.01644781,0.003126776,0.003402203,0.009224154,0.0012624,0.510354905
0.094498089,0.034690442,0.294495393,0.000929139,0.159947286,0.172722221,0.013694867,0.021417702,0.040132856,0.006052403,0.161419603
0.06393024,0.021747281,0.404086884,0.000607542,0.178829961,0.111742913,0.008316435,0.013546237,0.026616102,0.003930052,0.166646354
0.039044675,0.012928122,0.52733371,0.000375094,0.171777422,0.063228805,0.005143023,0.008132612,0.017059192,0.002384455,0.152592889
0.015830607,0.005523952,0.547619526,0.000181456,0.230620859,0.021331011,0.00243604,0.003507699,0.007716782,0.001115633,0.164116435
0.051266735,0.016896192,0.481951397,0.000478264,0.164378619,0.089016434,0.006711959,0.011655259,0.022075646,0.003063835,0.152505661
0.024637996,0.008461978,0.506697365,0.000267791,0.225068598,0.034087575,0.003542071,0.005302184,0.01145643,0.001673278,0.178804734
0.013193454,0.004814918,0.309177952,0.000171883,0.389327883,0.016441623,0.002365347,0.003036023,0.006921605,0.001029035,0.253520277
0.015324157,0.005878919,0.324572918,0.000222246,0.379699001,0.019910399,0.002968414,0.004237467,0.008269812,0.001303191,0.237613477
0.01995048,0.006990109,0.581157102,0.000227869,0.189675834,0.028936822,0.003134176,0.004768639,0.009617685,0.001400189,0.154141096
0.015786766,0.006238133,0.197358175,0.000246165,0.504873487,0.019160548,0.00300063,0.004148339,0.008777325,0.001432572,0.238977861
0.009209024,0.003386829,0.214244099,0.000123566,0.528004813,0.011204398,0.001642151,0.002189078,0.004960254,0.000738865,0.224296923
0.007602661,0.002804224,0.161099312,0.000102897,0.601584532,0.00905913,0.001351588,0.001763116,0.004133013,0.000613484,0.209886042
0.010550984,0.003930079,0.16221723,0.000146625,0.557373099,0.012267575,0.001919483,0.002444996,0.005822066,0.000874127,0.242453736
0.011785478,0.004152729,0.268757156,0.000142035,0.439666366,0.014054359,0.001895652,0.00244608,0.00605741,0.000869662,0.250173074
0.013462319,0.004530183,0.471065578,0.00014772,0.27397941,0.01655162,0.002032067,0.002675965,0.00665633,0.000915927,0.20798288
0.010105571,0.003185968,0.665490593,9.72E-05,0.147027216,0.012380688,0.001395778,0.001777657,0.004834374,0.000611346,0.153093573
0.021519572,0.00674116,0.576648828,0.000198002,0.1866148,0.027833709,0.002695438,0.003726411,0.009796985,0.001261948,0.162963149
0.012697283,0.004470038,0.37460926,0.000152954,0.357349795,0.015887366,0.002046826,0.00276374,0.006656067,0.000925718,0.222440952
0.012724189,0.004088791,0.665118703,0.000126066,0.155705845,0.016534149,0.001751519,0.002416282,0.006167612,0.000788169,0.134578675
0.013884656,0.004785598,0.447578433,0.000159191,0.303352835,0.017452104,0.002107052,0.00293786,0.007121388,0.000973954,0.199646928
0.010280831,0.003508857,0.256780811,0.000118859,0.399165148,0.011894855,0.001642494,0.002047713,0.005501955,0.000725983,0.308332495
0.012899468,0.004438123,0.408074083,0.000147774,0.320791968,0.0159886,0.002014275,0.002650804,0.0065815,0.000905582,0.225507823
0.015140863,0.005710484,0.229991959,0.000213942,0.484252586,0.018412782,0.002695242,0.003723093,0.008498616,0.001260825,0.230099608
0.016111037,0.006302336,0.173028779,0.000248202,0.516277719,0.018688446,0.003017203,0.004000328,0.009358613,0.001439372,0.251527964
0.027764836,0.010210027,0.391205818,0.000353502,0.301044401,0.037496443,0.00440545,0.006800597,0.0146202,0.002120009,0.203978717
0.017722874,0.005992222,0.495590848,0.000192757,0.254573438,0.022569138,0.002543106,0.003628189,0.008796201,0.001192504,0.187198722
0.024819748,0.007459678,0.553678488,0.000220854,0.176825377,0.030460927,0.003233165,0.004337701,0.012028683,0.001410566,0.185524813
0.011728919,0.004731467,0.120183476,0.000198844,0.549372777,0.013190123,0.002545942,0.003139566,0.006995885,0.001134944,0.286778056
0.006249424,0.002408035,0.081481403,9.59E-05,0.583374836,0.006957918,0.001295291,0.001538642,0.003667874,0.000557679,0.312372989
0.011654954,0.004742476,0.117145276,0.000201317,0.563278216,0.013217112,0.002552998,0.003130509,0.007018501,0.001142279,0.275916362
0.013440997,0.005517183,0.138308189,0.000236644,0.486748983,0.01543727,0.003104749,0.003769087,0.008130894,0.001329119,0.323976883
0.006483338,0.002295236,0.216820017,8.11E-05,0.404531548,0.007705354,0.001147853,0.001431451,0.003507524,0.000486008,0.355510553
0.002977302,0.001092002,0.061380667,4.06E-05,0.685828688,0.003407577,0.00055547,0.000684224,0.00166915,0.000240458,0.242123824
0.004339573,0.001638394,0.074807691,6.29E-05,0.690057768,0.005003756,0.000842733,0.001033774,0.002467671,0.000367873,0.219377882
0.003529377,0.001321623,0.063034057,5.04E-05,0.729908183,0.004046148,0.000679054,0.000835548,0.002018352,0.000296307,0.194280905
0.003456262,0.001277458,0.073056514,4.78E-05,0.746275397,0.004027913,0.000634689,0.000807307,0.001941659,0.000281982,0.168193058
0.006688516,0.002474567,0.137828545,9.30E-05,0.572548547,0.007880846,0.001252668,0.001596156,0.003704958,0.000547915,0.265384321
0.007259162,0.002779932,0.114335415,0.000108726,0.59698451,0.008432852,0.00143217,0.001816669,0.004124421,0.00063326,0.262092882
0.005408656,0.001969708,0.10288564,7.26E-05,0.496941382,0.006115559,0.001014535,0.001203692,0.003017079,0.00043293,0.380938185
0.005028369,0.001859674,0.091476785,6.96E-05,0.657975083,0.005751983,0.000932239,0.001155037,0.002794756,0.000413489,0.232542964
0.01440111,0.005822424,0.137078219,0.000247209,0.438321102,0.016008128,0.003382024,0.003878387,0.008778347,0.001403899,0.370679149
0.004197333,0.001587378,0.061055677,6.17E-05,0.674885306,0.004694862,0.000829394,0.000998704,0.002427584,0.000361173,0.24890084
0.008467107,0.003361181,0.101301694,0.00013888,0.577462219,0.009610679,0.001825937,0.002249726,0.005042409,0.000794948,0.289745221
0.011305242,0.004225001,0.127870757,0.0001644,0.343726795,0.012280003,0.00243169,0.002660017,0.006822985,0.000962302,0.487550806
0.006555044,0.002395749,0.10701548,9.03E-05,0.422688954,0.007322278,0.001290749,0.001510424,0.003853343,0.00053289,0.446744816
0.005350192,0.00201053,0.071493622,7.83E-05,0.448167751,0.005850475,0.0010938,0.001250657,0.003160856,0.000458105,0.461085705
0.008501189,0.002953718,0.184365344,0.00010445,0.273109888,0.009560346,0.001574222,0.00181026,0.004708978,0.000629209,0.512682395
0.004966983,0.001890723,0.06896718,7.45E-05,0.711574345,0.005600269,0.000975704,0.001208272,0.002919454,0.000433726,0.201388881
0.013476867,0.004438207,0.329847492,0.000145356,0.231010218,0.015301498,0.002218937,0.002617863,0.007140445,0.000898387,0.392904728
0.007676431,0.002618629,0.229296697,9.03E-05,0.329045343,0.008817522,0.001304966,0.001573953,0.004140647,0.000546829,0.41488864
0.005538426,0.002039048,0.11370266,7.58E-05,0.600382483,0.006456556,0.001032541,0.001293329,0.003103893,0.000449178,0.265926102
0.01087895,0.003670535,0.434150598,0.000123126,0.24036912,0.013086529,0.00182922,0.002273091,0.00576459,0.000751662,0.287102578
0.006865,0.002569491,0.108464834,9.81E-05,0.637819049,0.007881504,0.001280689,0.001634979,0.003968303,0.000575645,0.228842376
0.011315446,0.004490933,0.125512022,0.000183097,0.58992274,0.012983076,0.002273081,0.002904234,0.006696442,0.001048098,0.242670832
0.006251939,0.002293828,0.125582164,8.56E-05,0.567720494,0.007248019,0.001172281,0.001442026,0.003522833,0.000504951,0.284175897
0.005010643,0.001800769,0.130116071,6.52E-05,0.568780497,0.005863388,0.000895606,0.001113176,0.002771346,0.000387574,0.283195776
0.00732838,0.002816496,0.091344049,0.000111071,0.667429534,0.008253781,0.001414384,0.001768675,0.004293494,0.000646101,0.214594036
0.00648509,0.002514982,0.077578652,0.000100733,0.658335663,0.007221674,0.001307915,0.001569443,0.003840134,0.000582383,0.240463331
0.004024712,0.001533456,0.056855648,6.00E-05,0.701335628,0.004517074,0.000798799,0.000954682,0.002333603,0.000349571,0.22723687
0.009657292,0.003809747,0.136070979,0.00015466,0.597731272,0.011471204,0.001990156,0.002613091,0.005629832,0.000888176,0.229983592
0.003809772,0.001396439,0.081321995,5.23E-05,0.720862059,0.004413274,0.000708251,0.000894374,0.002155753,0.000309133,0.184076639
0.014847964,0.005460436,0.296802929,0.000202527,0.391609902,0.018200237,0.00276918,0.003750752,0.008240813,0.00120151,0.256913751
0.009479644,0.003239777,0.410537265,0.000110962,0.302429669,0.01143603,0.001566747,0.002037262,0.005107691,0.000671214,0.253383738
0.007242231,0.002765448,0.117989153,0.000108254,0.621990807,0.008453308,0.001408815,0.001854399,0.004193994,0.000630277,0.233363313
0.009368795,0.003523673,0.173855237,0.00013466,0.500832917,0.011044474,0.001801055,0.00235742,0.005356454,0.000788959,0.290936356
0.00561978,0.002049787,0.126833546,7.66E-05,0.582951323,0.006531812,0.0010529,0.001344724,0.003204953,0.000452066,0.269882557
0.00525444,0.001887592,0.115123054,6.96E-05,0.500609425,0.005965855,0.00098427,0.001197117,0.002991835,0.000413676,0.365503099
0.005164729,0.001974502,0.070847929,7.82E-05,0.686787758,0.00578981,0.001020377,0.00126839,0.003025731,0.000454699,0.223587916
0.007006716,0.002720602,0.098569478,0.00010844,0.668152885,0.008108218,0.001398031,0.001792931,0.00405567,0.000628806,0.207458223
0.008906791,0.003264016,0.20137566,0.00012057,0.527191348,0.010638845,0.001619019,0.00213933,0.004912666,0.000715824,0.239115932
0.00767139,0.002836701,0.161501841,0.000105635,0.586608189,0.009083208,0.00139496,0.001839728,0.004277047,0.000624539,0.224056762
0.007424764,0.002671106,0.212548329,9.72E-05,0.478207812,0.0088265,0.001341614,0.001751579,0.004110351,0.000579923,0.28244086
0.007475308,0.002687472,0.164553717,9.70E-05,0.528733985,0.008646022,0.001303358,0.001682351,0.004119657,0.000583216,0.280117937
0.007380671,0.002584385,0.241430972,9.01E-05,0.467381533,0.008719772,0.001239618,0.001582941,0.003913681,0.000547057,0.265129309
0.012961046,0.004597701,0.341974347,0.00016091,0.323668462,0.015701154,0.002270878,0.002916461,0.006925034,0.000971654,0.287852352
0.009031701,0.003380591,0.193580701,0.000125725,0.56635001,0.011067725,0.001615713,0.002198438,0.004949068,0.000741301,0.206959028
0.008774693,0.003315768,0.156465703,0.000126667,0.588817001,0.010442771,0.00163967,0.002212561,0.004927587,0.000745638,0.222531941
0.00801662,0.003106963,0.100745263,0.000123453,0.654708295,0.009131519,0.001564852,0.001998869,0.004667361,0.000718154,0.215218651
0.009689125,0.003631359,0.157486341,0.000136644,0.575060296,0.011439452,0.001783196,0.00227481,0.005468141,0.000803724,0.232226912
0.010837785,0.004218549,0.147600194,0.000167184,0.570980896,0.01277963,0.002111071,0.002779043,0.006207792,0.000966821,0.241351034
0.00947318,0.003472599,0.19381204,0.000126846,0.53301643,0.011344676,0.001689489,0.002168758,0.00517973,0.000753508,0.238962744
0.016399443,0.006183276,0.268617254,0.000230307,0.437487684,0.020372975,0.002893089,0.00415694,0.008947454,0.001357021,0.233354557
0.008625217,0.003137818,0.205607078,0.000113262,0.538798437,0.010368767,0.001494822,0.001994805,0.00465973,0.000677183,0.224522881
0.012584679,0.004455083,0.362013171,0.000154609,0.376472404,0.015700643,0.002040344,0.002854901,0.006685867,0.000932129,0.216106171
0.010382049,0.00350383,0.734848431,0.000111363,0.123228698,0.014405187,0.001558281,0.002249958,0.00502342,0.000685739,0.104003046
0.009883189,0.00342144,0.5315374,0.000115445,0.24547298,0.012585577,0.001646013,0.002162937,0.005053494,0.000701125,0.187420399
0.011977981,0.003923238,0.738358368,0.000120735,0.11433497,0.016695511,0.00173879,0.00244966,0.005698511,0.00075246,0.103949774
0.006572251,0.002175952,0.759872485,6.92E-05,0.116548364,0.008542566,0.000975111,0.001319859,0.003180388,0.000429067,0.100314783
0.013238461,0.004360164,0.685287201,0.000134613,0.130884267,0.017797153,0.001984313,0.00265779,0.006260503,0.000840286,0.13655525
0.011371686,0.003955173,0.494101023,0.000131859,0.264172713,0.014404538,0.001809323,0.002436728,0.005696691,0.000803299,0.201116965
0.015160625,0.006095625,0.178754589,0.00024712,0.512544454,0.018250729,0.00303285,0.004174564,0.00872919,0.001414982,0.251595273
0.008150312,0.003094232,0.131184593,0.000118416,0.609969706,0.009560252,0.001528926,0.001986297,0.004540954,0.000693943,0.229172368
0.011157789,0.004225006,0.158293227,0.000160638,0.548512249,0.012969966,0.002045778,0.002687523,0.006300863,0.000941668,0.252705294
0.010637029,0.004149916,0.172754666,0.000162871,0.53615977,0.012931037,0.002138322,0.002785262,0.006038957,0.000937528,0.251304642
0.011172625,0.004040429,0.357743338,0.000143251,0.356656403,0.014074664,0.001976263,0.002618636,0.006009502,0.000850394,0.244714495
0.005200088,0.001869147,0.131837154,6.81E-05,0.455133155,0.006029294,0.000973392,0.001177616,0.002918847,0.000404056,0.39438917
0.010383619,0.003549593,0.441123999,0.000119487,0.242759411,0.012679363,0.001757303,0.002228557,0.00543749,0.000725678,0.279235501
0.00596179,0.00227986,0.093538321,8.83E-05,0.636899375,0.006898572,0.001172819,0.001452763,0.003380143,0.000514674,0.247813339
0.009293867,0.003367329,0.193544486,0.000122468,0.343672727,0.010832421,0.001791876,0.002136236,0.005155653,0.000728751,0.429354186
0.019808422,0.006555169,0.494905554,0.000208516,0.202229723,0.024981646,0.003108367,0.004050919,0.009775836,0.001292588,0.23308326
0.023104359,0.009076772,0.348536713,0.000349027,0.336400018,0.030992976,0.004452072,0.006990403,0.012940791,0.002021889,0.22513498
0.023786009,0.009138782,0.380883092,0.000340673,0.311860458,0.03237827,0.004402021,0.006942473,0.013136428,0.001991991,0.215139802
0.018491939,0.006505185,0.569321868,0.000217627,0.195295811,0.025914092,0.003084743,0.004590699,0.009489992,0.001321256,0.165766788
0.015724555,0.005832765,0.385525846,0.000213291,0.319597871,0.020476073,0.002917575,0.004195614,0.008556176,0.001255593,0.235704643
0.013143577,0.004858843,0.380632931,0.000177074,0.348684254,0.016956677,0.002385303,0.003385876,0.00711096,0.001045146,0.221619359
0.010061111,0.003620835,0.384363657,0.000128075,0.374396703,0.012783707,0.001737021,0.002387528,0.005348435,0.000766508,0.20440642
0.010646882,0.00363202,0.633226702,0.00012023,0.179539055,0.013880862,0.001708967,0.002356436,0.00539401,0.00073692,0.148757915
0.010847357,0.003883489,0.454592063,0.000136014,0.311154664,0.014010284,0.001846359,0.002620832,0.005662387,0.000818679,0.194427873
0.023972818,0.009075902,0.364247539,0.000337915,0.321965085,0.031493329,0.004313958,0.006794689,0.013118561,0.001993595,0.222686608
0.012194882,0.004713621,0.158253668,0.000186929,0.550831912,0.014205518,0.002351854,0.003179332,0.007053132,0.001088759,0.245940393
0.026437902,0.011433831,0.198446017,0.000508679,0.441291181,0.03162775,0.005813899,0.008139517,0.016004169,0.002826335,0.257470721
0.011940857,0.004683326,0.150596933,0.00018657,0.577271657,0.014062738,0.002310709,0.003108935,0.006928051,0.001080818,0.227829405
0.008786528,0.003282746,0.176242057,0.000122678,0.580214144,0.010591097,0.001601058,0.002140139,0.0048956,0.000724879,0.211399072
0.0097968,0.00353738,0.256264182,0.000127181,0.493800375,0.011993292,0.001681496,0.002277648,0.005264397,0.000760871,0.214496379
0.011456735,0.00436129,0.169857425,0.000167098,0.566505232,0.013599015,0.002099663,0.002835683,0.006431651,0.000981414,0.221704796
0.019959741,0.008329119,0.160517879,0.000362667,0.497880452,0.022736297,0.0042746,0.005617622,0.012163469,0.00204393,0.266114223
0.012314513,0.004254371,0.40915581,0.000145704,0.312699562,0.015219532,0.002057552,0.002649715,0.006468867,0.000882754,0.23415162
0.079783107,0.025621429,0.356787214,0.000720949,0.165158418,0.122752204,0.011809746,0.018249132,0.03803994,0.00465208,0.176425782
0.016121479,0.005563219,0.488901339,0.000187125,0.258569286,0.020631351,0.002514454,0.003621163,0.008195739,0.001144133,0.194550712
0.029509598,0.009294698,0.386853505,0.000283116,0.207577303,0.033715681,0.004427708,0.00514494,0.014480845,0.001782122,0.306930482
0.017135078,0.005638883,0.440754255,0.00018548,0.238876754,0.020732082,0.002724364,0.003519194,0.009021154,0.001139944,0.260272811
0.007549297,0.002796751,0.105800428,0.000106582,0.563974344,0.008417867,0.001419016,0.001743854,0.00436662,0.000626501,0.303198742
0.012301252,0.004225691,0.329183119,0.000142216,0.327101964,0.014565,0.002022079,0.002497873,0.006567121,0.000866474,0.30052721
0.026614295,0.00859181,0.522609522,0.000261121,0.179314198,0.034901327,0.00404393,0.005164001,0.013229143,0.001631743,0.203638911
0.008360607,0.003140162,0.128484234,0.000118489,0.604246339,0.009681162,0.00155849,0.001944844,0.004745865,0.000697602,0.237022206
0.013054324,0.004568043,0.240709679,0.000158159,0.292071553,0.0150182,0.002322745,0.002718088,0.007018026,0.000958693,0.421402491
0.010226261,0.003560478,0.26901332,0.000121619,0.338363662,0.012065373,0.001756613,0.002088973,0.005352979,0.000740127,0.356710596
0.015935923,0.005717565,0.262262422,0.000204243,0.317559613,0.018588679,0.003042488,0.003582631,0.009047836,0.001221043,0.362837556
0.00804567,0.003039318,0.136275324,0.00011494,0.57798531,0.009438471,0.001536363,0.001914716,0.004512629,0.000676463,0.256460796
0.010163552,0.003604616,0.27473353,0.000126513,0.42536281,0.012199725,0.001703205,0.002287064,0.005473474,0.000763331,0.26358218
0.012854985,0.004537579,0.443777934,0.000157257,0.290360732,0.016455948,0.002194113,0.002992884,0.006627803,0.000948937,0.219091829
0.015346277,0.006138021,0.187901476,0.00024765,0.493118294,0.018546944,0.003091031,0.004230222,0.008809803,0.001417388,0.261152894
0.014321861,0.005581067,0.227597073,0.000221862,0.427525275,0.017625702,0.003042868,0.003994736,0.0083617,0.001272381,0.290455476
0.00989198,0.003938186,0.140161289,0.000161402,0.566841965,0.011799361,0.002094272,0.002741601,0.005753402,0.000921798,0.255694743
0.010159457,0.003731317,0.278648647,0.00013744,0.396848452,0.012510275,0.001926864,0.00252971,0.005537828,0.000814833,0.287155178
0.016634603,0.006017138,0.404318032,0.00021596,0.277581827,0.021148245,0.003121844,0.004233824,0.009095959,0.001287826,0.256344742
0.009336257,0.003507847,0.158829294,0.000133517,0.43353968,0.010891807,0.001884996,0.002282985,0.005260966,0.00078534,0.37354731
0.008702273,0.003208609,0.160318848,0.000121387,0.446189861,0.010057973,0.001722161,0.002118836,0.004940557,0.000718393,0.361901101
0.045818071,0.016486333,0.417950088,0.000541624,0.205649222,0.066857827,0.007804778,0.012528373,0.022549384,0.003325048,0.200489253
0.013748599,0.004879405,0.311319761,0.000172965,0.332513133,0.016424026,0.002411998,0.003176043,0.007329421,0.001043866,0.306980782
0.007601237,0.002784614,0.118847366,0.000103267,0.566413478,0.008513393,0.001403073,0.001681572,0.00427614,0.000612972,0.287762887
0.013977163,0.005132549,0.252670116,0.000187773,0.442566022,0.016690921,0.002464863,0.003353659,0.007593273,0.001122479,0.254241181
0.016908723,0.005841426,0.465796667,0.000196988,0.246490442,0.021174799,0.00285491,0.003764626,0.008661338,0.001203211,0.227106871
0.013834013,0.004851448,0.286863383,0.000169677,0.28638438,0.016215857,0.002546219,0.003052348,0.007505684,0.001019897,0.377557095
0.007007833,0.00254589,0.109780212,9.49E-05,0.350371586,0.007732538,0.001365326,0.001590024,0.004047346,0.000561485,0.514902878
0.029166496,0.012800374,0.171568558,0.000599165,0.429927395,0.03213622,0.006834762,0.008602691,0.0185613,0.003303735,0.286499304
0.023503452,0.009937499,0.160539893,0.000442901,0.466358055,0.025952268,0.005219774,0.00656634,0.014709102,0.002486642,0.284284073
0.012640765,0.004326251,0.17207083,0.000148498,0.369702333,0.013397466,0.002053655,0.002394412,0.007123855,0.000907085,0.41523485
0.01496197,0.005243098,0.201201286,0.000183401,0.447320309,0.01659598,0.002403739,0.002970617,0.0082879,0.001109675,0.299722025
0.0194572,0.006163038,0.295338056,0.000194887,0.272377979,0.020871947,0.002878272,0.003258691,0.010329754,0.001221165,0.36790901
0.016134793,0.005446598,0.286995963,0.000181356,0.357303805,0.018449956,0.002473756,0.003089722,0.008582904,0.001110262,0.300230885
0.019272022,0.006107582,0.375583251,0.000192438,0.232214352,0.021875492,0.002891278,0.003425127,0.009988709,0.001197499,0.32725225
0.035001538,0.010040522,0.459683003,0.000280129,0.186664604,0.040494158,0.004307188,0.005195129,0.016137227,0.001822104,0.240374397
0.014261365,0.005254277,0.179290027,0.000191625,0.486112283,0.016251588,0.002475028,0.003063489,0.007941192,0.001142315,0.284016811
0.018831803,0.006323916,0.527341719,0.000200499,0.214411528,0.024477525,0.002765755,0.003865699,0.009359436,0.001234268,0.191187853
0.053026639,0.017719928,0.433741996,0.000518871,0.180244138,0.081984988,0.00774431,0.011975271,0.025448971,0.003250597,0.184344292
0.029158677,0.009718913,0.436900512,0.000306639,0.218717495,0.036545167,0.00463003,0.00581293,0.015177684,0.00188424,0.241147715
0.045641328,0.015190746,0.356227966,0.000467288,0.238287372,0.055602594,0.006843006,0.0080789,0.022765089,0.002908532,0.247987179
0.02073088,0.006864738,0.290827698,0.000226833,0.322495134,0.022833408,0.003105222,0.003879052,0.011000166,0.001401045,0.316635823
0.035463867,0.011426591,0.476510919,0.000341937,0.203207738,0.046129377,0.004680311,0.006880048,0.016471722,0.002168758,0.196718732
0.02788069,0.008934934,0.328383057,0.000278852,0.292543077,0.030394358,0.003724826,0.004735882,0.014086539,0.001757165,0.28728062
0.168069542,0.109046087,0.090863511,0.002714204,0.076291018,0.12183248,0.108885536,0.037425907,0.176985781,0.021738449,0.086147486
0.09825508,0.097299331,0.067988626,0.006145395,0.061039259,0.085804937,0.305468428,0.056864092,0.113594495,0.041959766,0.06558059
0.041979658,0.012824005,0.321642433,0.000387972,0.220066551,0.043800199,0.00667207,0.006744969,0.022412693,0.002451699,0.321017751
0.023481876,0.008041449,0.190959547,0.000276147,0.253323122,0.023396169,0.004315616,0.004370535,0.013503332,0.001684942,0.476647265
0.025460855,0.008801057,0.207989169,0.000308083,0.261413123,0.026056935,0.00476779,0.004983328,0.015047978,0.001857342,0.44331434
0.024500452,0.008823476,0.171542,0.000328493,0.287737319,0.024317027,0.005030445,0.005055659,0.015331075,0.001953511,0.455380543
0.016264322,0.006412271,0.116278682,0.000265675,0.42115737,0.016496229,0.003500562,0.003792159,0.010288896,0.00152969,0.404014145
0.031858996,0.012227032,0.186974128,0.000483202,0.299012452,0.032225092,0.007366909,0.007318374,0.020228785,0.002812919,0.399492111
0.02599375,0.009635159,0.142908308,0.00036833,0.289756798,0.024147178,0.005497871,0.005144515,0.016509686,0.002208605,0.477829799
0.043596033,0.014177628,0.207333977,0.000455095,0.237568197,0.038636118,0.007502485,0.006763883,0.024905491,0.002898156,0.416162935
0.022732947,0.007623268,0.175014146,0.000255973,0.246467081,0.02195142,0.003948575,0.003941723,0.012635556,0.001595006,0.503834305
0.028264819,0.009609274,0.175893972,0.00033011,0.25028838,0.026279923,0.005168762,0.004969768,0.016711085,0.002039215,0.480444691
0.037561451,0.012235731,0.226048998,0.000400534,0.232372441,0.035571382,0.006702257,0.0064325,0.021372802,0.002513144,0.41878876
0.074463239,0.021726945,0.258796871,0.000613741,0.205035622,0.064587274,0.011021737,0.009699404,0.039503054,0.004038207,0.310513905
0.072821427,0.02281131,0.217009673,0.000689342,0.220598397,0.058334402,0.01200566,0.009947759,0.043439738,0.004504542,0.33783775
0.019752147,0.007330992,0.139121745,0.000275182,0.314003526,0.019562286,0.003912336,0.004016992,0.01164571,0.001656048,0.478723034
0.022327302,0.00787203,0.152995817,0.000281309,0.26152339,0.021402413,0.004281956,0.00419631,0.013330643,0.001714588,0.510074241
0.021681466,0.008881382,0.131469611,0.000393131,0.396425048,0.021814747,0.005289194,0.005439142,0.014527516,0.002221702,0.391857063
0.011656873,0.004096139,0.101987197,0.000149606,0.261548851,0.011419958,0.002229839,0.002247826,0.007112252,0.000899568,0.59665189
0.014006061,0.005481721,0.106904097,0.00022644,0.378034557,0.014223218,0.003114836,0.003308309,0.008880376,0.001309115,0.46451127
0.016067947,0.006145573,0.11217488,0.000246836,0.351394777,0.015779924,0.003418813,0.003537061,0.010186914,0.001445721,0.479601555
0.010840454,0.003936799,0.09178454,0.000148757,0.311483268,0.010687592,0.002129658,0.002201923,0.006665155,0.000889595,0.559232259
0.015986194,0.005521697,0.141653279,0.000193462,0.255675636,0.015725297,0.002996634,0.002972697,0.009427322,0.001184604,0.548663178
0.064098125,0.023535645,0.219876366,0.000853453,0.229666306,0.059249882,0.016520745,0.012989992,0.042555439,0.005228287,0.325425762
0.032129331,0.012273843,0.160029586,0.000500902,0.315467682,0.030159046,0.007428591,0.006988345,0.022492116,0.002923243,0.409607315
0.05586378,0.02229614,0.192531344,0.000932216,0.259795461,0.051280023,0.016367962,0.012824779,0.041541713,0.005436025,0.341130557
0.048436091,0.018832871,0.186898762,0.000768118,0.270184952,0.044533124,0.01289838,0.010662101,0.035035364,0.004514026,0.36723621
0.029029044,0.010346226,0.180251818,0.000385721,0.284070198,0.027979968,0.006266463,0.005885415,0.018988442,0.002319552,0.434477152
0.077257789,0.033034752,0.192829518,0.001465617,0.236300264,0.069781571,0.026215707,0.019016848,0.062712257,0.008519799,0.272865879
0.059707797,0.022126387,0.215009238,0.000808748,0.238672072,0.055562477,0.014519435,0.012197072,0.038030281,0.004922877,0.338443618
0.127397111,0.048074743,0.185882402,0.001531464,0.163682012,0.103117675,0.038411112,0.023044136,0.092708321,0.009976547,0.206174477
0.055594022,0.020694291,0.22035607,0.000738108,0.242569934,0.053067059,0.012421898,0.011121502,0.033179596,0.004531931,0.34572559
0.041069583,0.015813083,0.172449314,0.000628018,0.273264805,0.037406342,0.009919246,0.008599508,0.02767719,0.00372389,0.409449022
0.084408033,0.025454219,0.217615089,0.000746446,0.213430676,0.06474447,0.013847866,0.010649479,0.051689207,0.00495823,0.312456285
0.100050873,0.031126457,0.291619867,0.000798759,0.185786794,0.129179143,0.011578215,0.014347784,0.039800019,0.005449377,0.190262712
0.042611901,0.014055923,0.233961408,0.000447668,0.293781076,0.040910924,0.006102575,0.006664023,0.022261556,0.002870618,0.336332328
0.169742025,0.040897169,0.201751693,0.000911461,0.159640694,0.113045571,0.015605229,0.013431415,0.083237267,0.006613311,0.195124166
0.13022627,0.036721124,0.204687097,0.000991301,0.182643837,0.092482073,0.017591532,0.014570278,0.090403226,0.006836328,0.222846934
0.109880478,0.05229816,0.194429985,0.001609709,0.12639132,0.22764583,0.021039949,0.076118731,0.057962945,0.010125281,0.122497612
0.095858519,0.065256215,0.110143734,0.002608954,0.085160419,0.156600521,0.029130271,0.293482805,0.062324689,0.015984644,0.083449228
0.062868519,0.021862741,0.411457339,0.000637141,0.169291744,0.117130545,0.008882511,0.01716967,0.028752707,0.00402506,0.157922024
0.025794741,0.009433147,0.505466219,0.000317173,0.225620986,0.038272135,0.004110014,0.00667488,0.012799738,0.001916656,0.169594311
0.017733991,0.006203675,0.568951158,0.000207128,0.200413577,0.024438708,0.002833465,0.004357685,0.008899052,0.001266541,0.164695019
0.048033159,0.017777195,0.385371136,0.000609205,0.227703623,0.068891154,0.008111746,0.014375601,0.024778553,0.003724763,0.200623866
