C1,C2,C3,C4,C5,C6,C7,C8,C9,C10,C11,C12
0.005690724,0.475750593,0.002250267,0.384404592,0.004661435,0.026207783,0.000392669,0.035916821,0.024760791,0.013954051,0.008899251,0.017111023
0.006884941,0.335712896,0.00252472,0.44936011,0.005869973,0.04280667,0.000406609,0.063435013,0.039336209,0.018368702,0.011510777,0.023783379
0.0032569,0.477173597,0.001309774,0.419581142,0.002908968,0.018259617,0.000212805,0.030317363,0.019418142,0.009535872,0.005792054,0.012233765
0.001870417,0.49559567,0.000703933,0.451351856,0.001546351,0.010163922,0.000117524,0.014846916,0.009631665,0.004921653,0.003018762,0.00623133
0.003647889,0.443599084,0.001402366,0.441975033,0.003234733,0.020773014,0.000228669,0.033518252,0.021324385,0.010505991,0.006262333,0.01352825
0.005843938,0.459356177,0.002452791,0.348929845,0.005897777,0.030633678,0.000398531,0.054708825,0.036747772,0.019349579,0.01082993,0.024851157
0.004168604,0.542072773,0.001798686,0.324158065,0.004142704,0.021269529,0.000293552,0.037696386,0.025577088,0.013628332,0.007800825,0.017393457
0.006345968,0.446174065,0.002716104,0.339825479,0.006456157,0.033239486,0.000437221,0.060634735,0.04153434,0.022062579,0.012127838,0.028446028
0.003529788,0.571925432,0.001441356,0.321902109,0.003367406,0.01790235,0.000238568,0.029681099,0.019896087,0.010548288,0.006164772,0.013402743
0.002401534,0.624630109,0.00092637,0.310978481,0.002086311,0.01183386,0.000158045,0.017058521,0.011638865,0.006431342,0.003816367,0.008040195
0.002582987,0.679408799,0.001058172,0.25005334,0.002389945,0.012160481,0.000179989,0.018519606,0.012904097,0.00732323,0.004292871,0.009126484
0.002799192,0.614751791,0.001134818,0.302570197,0.002590575,0.014098469,0.000189606,0.022748011,0.015387308,0.008349352,0.004836093,0.010544586
0.001675307,0.710239754,0.000652546,0.245527129,0.001487564,0.008100714,0.000112187,0.011825797,0.007960375,0.004334556,0.002671851,0.00541222
0.002850756,0.661436975,0.001160229,0.266929016,0.002461247,0.012855898,0.000202475,0.018645282,0.01283874,0.007199039,0.00456837,0.008851971
0.00390915,0.549491383,0.001531385,0.353667728,0.00325241,0.017906447,0.000269558,0.025016547,0.017150095,0.00975767,0.006085546,0.011962081
0.001426403,0.609363893,0.000548088,0.351541124,0.001206935,0.007256582,9.39E-05,0.01085591,0.007039183,0.003716242,0.002308157,0.004643617
0.00173565,0.670028891,0.000676515,0.284350139,0.001454551,0.008426053,0.000116849,0.012296139,0.008189912,0.004444668,0.00277091,0.005509722
0.002267796,0.495131242,0.000870689,0.434537546,0.002027158,0.01258479,0.000144469,0.020458144,0.013007497,0.006632527,0.003862027,0.008476114
0.004801916,0.560122454,0.001909361,0.328429542,0.00396043,0.02063842,0.000340487,0.027871951,0.019534518,0.011323586,0.007299653,0.013767682
0.003089213,0.621994148,0.001225841,0.302422301,0.002611689,0.013867537,0.000215796,0.01945166,0.013385213,0.007603322,0.004813169,0.00932011
0.002756297,0.610862828,0.001093024,0.318816049,0.002306741,0.012892446,0.000189657,0.018572434,0.012574044,0.006957762,0.004396826,0.008581892
0.002574153,0.670741665,0.001042944,0.264081842,0.00221361,0.011692026,0.000182466,0.0169506,0.011674173,0.006604619,0.004130106,0.008111795
0.001439117,0.713959382,0.000572041,0.246957542,0.001266229,0.007052545,9.80E-05,0.010574452,0.007073592,0.003849102,0.002357754,0.004800282
0.001218513,0.552312256,0.000460659,0.414237121,0.001009707,0.006429297,7.80E-05,0.009243857,0.006013493,0.003127076,0.00193955,0.003930488
0.002015127,0.613409679,0.000781704,0.3336159,0.001722132,0.009856682,0.000135112,0.014157291,0.009468821,0.005190762,0.003200668,0.006446122
0.004071051,0.372949368,0.001520843,0.497341811,0.003589067,0.024255257,0.000249602,0.037746533,0.023920501,0.012004183,0.006890622,0.015461162
0.00124059,0.612271586,0.000484372,0.351471127,0.001082657,0.006589588,8.16E-05,0.010167453,0.006635983,0.003489752,0.002081339,0.004403924
0.002119086,0.408080853,0.000792366,0.527352141,0.001803052,0.012115894,0.000130991,0.018622143,0.011829551,0.005990332,0.003507445,0.007656144
0.002319226,0.564991447,0.000896526,0.374071062,0.001920928,0.011472376,0.000155526,0.016707265,0.010889974,0.00573152,0.003726991,0.00711716
0.002204195,0.504257699,0.000843207,0.435716614,0.001856115,0.011385813,0.000144632,0.016739658,0.010761623,0.005563122,0.003565806,0.006961516
0.001282988,0.555100438,0.000486995,0.410539208,0.001038981,0.006580596,8.37E-05,0.009559109,0.006134784,0.003177068,0.002052727,0.003963385
0.001757813,0.524591467,0.000662206,0.429639268,0.001422841,0.008845911,0.000114791,0.012591148,0.008111863,0.004232474,0.002765492,0.005264726
0.001503149,0.523597772,0.000578305,0.435205746,0.00123359,0.007778325,9.87E-05,0.011595024,0.007401086,0.003802273,0.00245207,0.004753911
0.001353046,0.478854122,0.000522963,0.481067597,0.001176477,0.007359663,8.79E-05,0.011630738,0.007305278,0.003686518,0.002286476,0.004669246
0.001580433,0.356042147,0.000593634,0.597051174,0.001319479,0.008908848,9.98E-05,0.013810306,0.008483661,0.004172287,0.002643707,0.005294521
0.001258228,0.744426313,0.000499714,0.220863291,0.001131415,0.006212033,8.53E-05,0.009473604,0.006303995,0.003403581,0.002079064,0.004263445
0.001365137,0.663847287,0.000519287,0.300133562,0.001154808,0.00679667,8.90E-05,0.009765145,0.006439435,0.003438602,0.00215513,0.00429593
0.000944043,0.736780925,0.000370089,0.237429028,0.000795353,0.004730926,6.31E-05,0.007129109,0.004664949,0.002465564,0.001546819,0.003080131
0.00201813,0.684660601,0.000813458,0.260455832,0.001811592,0.009730992,0.000138619,0.014841784,0.009980312,0.005425152,0.003351177,0.006772351
0.00188405,0.590880527,0.000762076,0.351921148,0.001659805,0.009993106,0.000125999,0.016450776,0.01064294,0.005458849,0.003299417,0.006921307
0.004358877,0.564351176,0.001697879,0.334449853,0.003513028,0.019007942,0.000301875,0.025668237,0.017728143,0.010074331,0.006564606,0.012284052
0.003248017,0.635893743,0.001277438,0.281607721,0.003017642,0.014755768,0.000222589,0.021465185,0.0147474,0.008324951,0.00511365,0.010325896
0.004192061,0.594335769,0.00163119,0.309133001,0.003590203,0.017864427,0.000293098,0.024451793,0.016848196,0.00962977,0.006278219,0.011752271
0.000917401,0.790008368,0.000355169,0.186154933,0.000773196,0.004425065,6.12E-05,0.006443243,0.004266809,0.002291931,0.001453633,0.002849003
0.001072606,0.748164468,0.000418462,0.223676657,0.000905731,0.005210581,7.23E-05,0.007658953,0.005046579,0.002699965,0.001719169,0.003354578
0.001376739,0.700800574,0.000536454,0.263248274,0.001145838,0.006697373,9.23E-05,0.009756922,0.006443181,0.003437313,0.002195209,0.004269796
0.001984087,0.685748122,0.00077897,0.260548528,0.001842305,0.009582013,0.000133996,0.014465987,0.009704985,0.005326703,0.003220922,0.006663383
0.0014912,0.731901605,0.000586519,0.227853626,0.001335601,0.007199541,0.000101227,0.010857734,0.007271555,0.00399582,0.002426588,0.004978984
0.00492533,0.558020197,0.001930602,0.328991014,0.004053503,0.020991579,0.000345996,0.028456316,0.019757384,0.011333919,0.007405436,0.013788724
0.001420723,0.542709796,0.000529194,0.417228861,0.001208852,0.007579345,8.93E-05,0.011288921,0.007237488,0.00371976,0.002280855,0.004706859
0.003355531,0.627681469,0.001380669,0.284488401,0.00302941,0.015256017,0.000239593,0.022930874,0.015881385,0.009070538,0.005503963,0.01118215
0.001439086,0.720042414,0.000584849,0.237739597,0.001298372,0.007294905,9.80E-05,0.01186607,0.007822319,0.004131058,0.002480038,0.005203259
0.001710609,0.710197549,0.000681298,0.242008132,0.001574048,0.008351572,0.000115796,0.0129865,0.008723602,0.0047964,0.002842321,0.006012173
0.003790267,0.635885427,0.001579007,0.270662635,0.003366963,0.016271474,0.000278768,0.02371902,0.016690274,0.009762135,0.006087125,0.011906904
0.001693638,0.707702155,0.000695222,0.244481197,0.001500626,0.008294616,0.000117704,0.013178192,0.008784751,0.004741736,0.002889873,0.00592029
0.002981934,0.672655942,0.001227123,0.250104275,0.002762954,0.013317478,0.000213851,0.020232922,0.013938724,0.007910173,0.004888161,0.009766462
0.002267077,0.718993896,0.000924328,0.223126256,0.002066857,0.010168507,0.000161556,0.015001214,0.01037862,0.005938955,0.003653186,0.007319549
0.00082524,0.807483402,0.000326145,0.170347264,0.000710765,0.004021891,5.61E-05,0.006063922,0.004000759,0.002145523,0.001348311,0.0026707
0.00229809,0.726557661,0.000949219,0.214558335,0.00208947,0.010220307,0.000165275,0.015327803,0.010604227,0.006042372,0.003745091,0.007442149
0.002075633,0.72962752,0.000864998,0.214376891,0.001894656,0.009561436,0.000148858,0.014916815,0.010215956,0.005729303,0.00349447,0.007093464
0.003554287,0.626114572,0.001460342,0.285251418,0.003055743,0.015705202,0.000256449,0.022835776,0.015870448,0.009072527,0.005726612,0.011096625
0.002023188,0.682520962,0.000820566,0.262624758,0.001760791,0.009670456,0.000141093,0.014871716,0.009975885,0.005450806,0.003377446,0.006762334
0.00174193,0.675273524,0.00071262,0.273879267,0.001557799,0.008786588,0.000119993,0.01439892,0.009395389,0.004916684,0.003039244,0.006178042
0.00242124,0.574354362,0.000992245,0.347876143,0.002254059,0.01298314,0.000163549,0.022962782,0.014678736,0.007421919,0.004410125,0.009481698
0.002209805,0.591835369,0.000890309,0.340949502,0.002016551,0.01160656,0.000147587,0.019441957,0.012507875,0.006410862,0.003845409,0.008138213
0.004406686,0.630814759,0.001847686,0.262265344,0.00412434,0.018279587,0.000328255,0.026550497,0.01901143,0.011433379,0.007011012,0.013927025
0.003322139,0.666908784,0.001424064,0.242681917,0.003211712,0.014842178,0.0002443,0.023594425,0.016586698,0.0096008,0.005694668,0.011888314
0.003803569,0.633012249,0.001614349,0.269001767,0.003525128,0.016669285,0.000280698,0.024945972,0.017694733,0.010399679,0.006291143,0.012761428
0.00105121,0.811443232,0.000427157,0.15931688,0.000960422,0.005087487,7.26E-05,0.007891026,0.005348967,0.002951195,0.00176062,0.00368917
0.003914829,0.628593516,0.001660775,0.272243325,0.003509766,0.016996116,0.000291198,0.02536196,0.017866748,0.010401661,0.006455039,0.012705067
0.004495944,0.618927555,0.001847255,0.274882976,0.003989507,0.018587775,0.000329536,0.026355061,0.018766503,0.011207418,0.006998509,0.013611961
0.004658715,0.608662947,0.00191224,0.282110841,0.004113993,0.01924076,0.000341122,0.02705497,0.019265369,0.011479535,0.0072167,0.013942808
0.002013148,0.694569734,0.000807169,0.248789319,0.001906912,0.009764653,0.000137154,0.0152489,0.010359095,0.005789864,0.003349883,0.007264168
0.002199974,0.722570556,0.000898929,0.217989468,0.002088053,0.010146285,0.000154117,0.015606771,0.010815012,0.006192918,0.003631414,0.007706502
0.002147466,0.69640504,0.000875321,0.241702332,0.002030924,0.010474058,0.000147628,0.016871629,0.011445879,0.006305229,0.003664123,0.007930372
0.006206166,0.481605512,0.002561773,0.333416084,0.006617887,0.030026024,0.000426808,0.049910173,0.03447229,0.01934555,0.010849285,0.024562449
0.003829007,0.630387547,0.001529999,0.279679517,0.003351806,0.016270095,0.00027331,0.022365081,0.015797964,0.009324129,0.005835406,0.011356139
0.00206408,0.727100795,0.000832314,0.221104332,0.001813029,0.009255749,0.00014614,0.013408486,0.009246493,0.005270449,0.003282579,0.006475553
0.003585432,0.652481078,0.001446794,0.263087745,0.003155833,0.015144762,0.000258241,0.021137998,0.014873297,0.008705747,0.005511762,0.010611312
0.001562104,0.75166555,0.000622817,0.206866609,0.001408162,0.007334231,0.000107464,0.010936078,0.007483804,0.004229449,0.00253163,0.005252101
0.00201409,0.721804431,0.000817856,0.225603172,0.001756311,0.009271572,0.000141639,0.013838217,0.009500766,0.005356791,0.003283685,0.00661147
0.002439397,0.496161481,0.00091313,0.432479689,0.002124445,0.013080992,0.000153056,0.019975828,0.01301538,0.006913079,0.00397293,0.008770592
0.002978653,0.524295554,0.001146352,0.387411601,0.00265968,0.015791522,0.000191603,0.024680105,0.016263831,0.008639838,0.004981069,0.010960192
0.001844056,0.721500971,0.000717797,0.232231571,0.001579832,0.008504259,0.000124839,0.012080922,0.008241447,0.004606805,0.002872336,0.005695165
0.006616823,0.557180441,0.002741682,0.2959405,0.005992392,0.025826284,0.000499397,0.035361607,0.025567739,0.015541446,0.009989167,0.018742521
0.003996066,0.61861988,0.001598952,0.286573465,0.003558454,0.017118374,0.00028326,0.02367514,0.016699869,0.009791396,0.006104357,0.011980785
0.002801131,0.688057111,0.001132681,0.243414561,0.002538066,0.012230506,0.000199758,0.017532095,0.01216599,0.006973896,0.004392027,0.008562176
0.004094235,0.530649048,0.001589379,0.357206855,0.00389736,0.020137155,0.000269639,0.030686125,0.020328312,0.010830429,0.006651131,0.013660332
0.002651979,0.555194848,0.001010886,0.372648252,0.002353492,0.013515288,0.000171193,0.019814212,0.013003298,0.006816731,0.004231836,0.008587984
0.001695686,0.715211247,0.000674705,0.238842008,0.001537472,0.008181591,0.000115393,0.012518333,0.008327254,0.004492191,0.002785785,0.005618334
0.001583934,0.700572693,0.000612545,0.258070844,0.001384937,0.00764225,0.000105585,0.011184878,0.007401866,0.003970215,0.002518167,0.004952085
0.001919457,0.614671553,0.000720892,0.336538759,0.001611766,0.009405386,0.000124076,0.013139628,0.008648636,0.004569243,0.002948741,0.005701863
0.001329662,0.621131874,0.000508802,0.342167008,0.001138915,0.006875717,8.59E-05,0.010326737,0.006627234,0.003387502,0.002149435,0.004271252
0.00260966,0.632090395,0.001059445,0.296085678,0.002436579,0.012716054,0.00017896,0.01942881,0.013105269,0.007068395,0.004345395,0.00887536
0.002459704,0.638965419,0.000965899,0.295641214,0.0021598,0.01172693,0.000165885,0.017789012,0.011797675,0.006383287,0.003994964,0.00795021
0.002414711,0.516604424,0.00092053,0.415303188,0.002076602,0.012483979,0.000155674,0.019464162,0.012324515,0.006320121,0.003971954,0.00796014
0.001001797,0.725405075,0.000389813,0.246678842,0.000869753,0.005064847,6.62E-05,0.00775203,0.005064088,0.002691334,0.001641344,0.003374843
0.003891598,0.563261807,0.001525053,0.331950753,0.003612788,0.018491957,0.000262031,0.028378118,0.018976329,0.010356254,0.006335813,0.0129575
0.001659301,0.663632774,0.000654491,0.290907019,0.001416263,0.008179341,0.000111806,0.012526817,0.008246726,0.004420806,0.002732037,0.005512618
0.002703001,0.591534958,0.001103298,0.326010261,0.002526154,0.013790503,0.000183238,0.02335462,0.015397544,0.008224728,0.004754434,0.010417262
0.004433738,0.528485022,0.001726557,0.348909197,0.004085567,0.021881853,0.000291719,0.033202728,0.022405294,0.012097093,0.007243161,0.015238072
0.020214126,0.151836298,0.006069994,0.20523904,0.013141662,0.176980282,0.00094695,0.197387395,0.104430905,0.039756464,0.032752968,0.051243914
0.015190328,0.189257756,0.004685541,0.293047551,0.009482885,0.142846475,0.000734937,0.166232672,0.08313851,0.03098714,0.024289311,0.040106894
0.01152485,0.217837548,0.003585914,0.392892231,0.007396623,0.102776292,0.000572236,0.124596895,0.063587038,0.024869291,0.018166475,0.032194607
0.004879064,0.245813401,0.001639033,0.610550786,0.003425405,0.03302585,0.000270023,0.043204252,0.024703665,0.010937398,0.007583967,0.013967156
0.014564562,0.190062707,0.00408178,0.322251304,0.008545767,0.155638366,0.000646334,0.143205979,0.074151759,0.0286078,0.021005231,0.037238411
0.007387278,0.262625093,0.002465939,0.512201986,0.004994156,0.05212619,0.000399598,0.070303642,0.038665564,0.016297092,0.011654185,0.020879277
0.003101854,0.30076829,0.001106725,0.613680139,0.002436125,0.017870147,0.000187126,0.024776565,0.014978123,0.007180239,0.004844179,0.009070489
0.004372683,0.297905784,0.001416666,0.597240038,0.003094028,0.024299494,0.000244478,0.028279731,0.017579329,0.008693468,0.005998945,0.010875354
0.007451192,0.247438223,0.002315635,0.539477446,0.004959415,0.053464357,0.000381751,0.063372202,0.035296682,0.015374559,0.010815197,0.01965334
0.004518342,0.398676702,0.001639319,0.492213749,0.003295494,0.022847884,0.000284856,0.029319175,0.018889944,0.009663905,0.006710949,0.01193968
0.002040615,0.292586213,0.000724914,0.653247671,0.001542525,0.011336095,0.000122618,0.015258252,0.009480419,0.004674831,0.003105618,0.005880228
0.001774963,0.327127242,0.000649531,0.625147561,0.001370452,0.009709756,0.000110198,0.013436704,0.008428903,0.004199495,0.002775238,0.005269958
0.002715688,0.414543171,0.001020681,0.513115171,0.002146111,0.014373296,0.000173106,0.020080782,0.012858745,0.006520202,0.00428712,0.008165927
0.002496415,0.314298569,0.000934323,0.611888384,0.001948339,0.014536549,0.000154386,0.022106752,0.013293882,0.006247588,0.004159793,0.00793502
0.003287297,0.260933997,0.001187184,0.636315611,0.002517089,0.021406727,0.000193827,0.031376658,0.018394742,0.008289504,0.005460447,0.010636916
0.003532044,0.256270251,0.001281734,0.620284202,0.00279313,0.024396007,0.000206534,0.040249363,0.022436576,0.009719749,0.006187097,0.012643312
0.006079082,0.260294386,0.002174922,0.520881195,0.004437558,0.044840884,0.000345799,0.073519358,0.039411517,0.016192731,0.010781725,0.021040844
0.002843627,0.262327299,0.001002825,0.655425269,0.002122091,0.017081376,0.000167792,0.024343458,0.014512566,0.006906539,0.004519605,0.008747553
0.004618137,0.245448256,0.001590943,0.600672758,0.003376771,0.032845413,0.000257839,0.048961096,0.027270546,0.011906159,0.007662176,0.015389906
0.003374828,0.254603939,0.00117951,0.645050352,0.002441125,0.021334832,0.000195214,0.029950495,0.017725516,0.008248186,0.005402284,0.01049372
0.002118102,0.332760294,0.000789797,0.602741634,0.001707818,0.012237398,0.000130873,0.019280936,0.011728814,0.005701973,0.003549254,0.007253106
0.002921865,0.267125461,0.00105156,0.644186661,0.00223676,0.017977855,0.000173724,0.02705495,0.015814094,0.007321606,0.004802943,0.00933252
0.003986108,0.351652484,0.001418734,0.54606706,0.002907215,0.021337234,0.000243597,0.02801493,0.017842463,0.009143377,0.006020404,0.011366395
0.004469616,0.444330462,0.001686521,0.4440953,0.003392796,0.021903486,0.000294167,0.029858663,0.019659074,0.010480468,0.006931849,0.012897598
0.008034175,0.282292066,0.002640415,0.50291999,0.00526068,0.049866465,0.000446126,0.060716691,0.036591103,0.017444731,0.011929565,0.021857992
0.004822706,0.265718673,0.001672923,0.585825662,0.003412485,0.032205504,0.00027387,0.045071256,0.026242412,0.011819347,0.007830719,0.015104443
0.007055599,0.267590763,0.002427753,0.483487308,0.005299602,0.053086798,0.000384967,0.078190144,0.045101719,0.019700586,0.011829488,0.025845274
0.00340596,0.572316607,0.001290251,0.34823839,0.002777891,0.015448371,0.000228409,0.020352851,0.013839355,0.007654123,0.005045983,0.009401808
0.001552024,0.681637574,0.000590021,0.27947966,0.001312982,0.007437593,0.000102558,0.010278291,0.006871504,0.003728101,0.002380812,0.004628881
0.003399269,0.576092587,0.001298873,0.344731795,0.00278705,0.015230762,0.000231348,0.020328462,0.01377414,0.007669302,0.005064463,0.009391947
0.003979558,0.54862771,0.001469025,0.361397315,0.003296615,0.017623236,0.000264454,0.02284932,0.01548028,0.008665779,0.005732685,0.010614024
0.001140518,0.262754232,0.00040727,0.705074017,0.000920133,0.006434387,6.88E-05,0.009298822,0.005711442,0.002821189,0.001792206,0.003576977
0.00081854,0.546610351,0.000302105,0.431436525,0.000668192,0.004265673,5.16E-05,0.006124645,0.003907646,0.002010934,0.001280399,0.002523345
0.00125187,0.553841693,0.000467529,0.413574064,0.00102635,0.00634897,8.08E-05,0.008934823,0.005762233,0.003010913,0.001947656,0.003753057
0.001095186,0.556278938,0.000407726,0.41509467,0.000894902,0.005590603,7.02E-05,0.007815197,0.005068068,0.00266231,0.001698773,0.00332342
0.001014828,0.404845951,0.000372385,0.568194136,0.000802711,0.005356947,6.38E-05,0.007477134,0.004770393,0.002454566,0.001575982,0.003071163
0.001613843,0.391611593,0.000582358,0.566078753,0.001275221,0.008590677,1.00E-04,0.011729092,0.007441512,0.00378169,0.00245784,0.004737471
0.001998412,0.5050704,0.000731436,0.444973066,0.001585779,0.010029794,0.000126991,0.013456058,0.008751837,0.004578719,0.003006509,0.005690999
0.001287659,0.535104434,0.000486533,0.429499803,0.001090798,0.006781694,8.26E-05,0.009906738,0.006347388,0.003254026,0.002063205,0.004095165
0.001360121,0.492921012,0.00051168,0.470653962,0.001104406,0.007142596,8.71E-05,0.010102682,0.00649051,0.003318609,0.002148125,0.004159183
0.004120143,0.568813319,0.001561703,0.335452794,0.003609512,0.018225001,0.000277894,0.024242988,0.016645527,0.009411477,0.006071032,0.01156861
0.001089175,0.704968894,0.000413224,0.266921645,0.000909107,0.005351258,7.14E-05,0.007604688,0.004997508,0.0026623,0.001697064,0.003313715
0.0023799,0.613963386,0.000881364,0.329919982,0.001942064,0.010968103,0.000155621,0.014537232,0.009765463,0.005373041,0.003493341,0.006620502
0.00314527,0.580305423,0.001192814,0.337920096,0.002882914,0.014988968,0.000206029,0.021690138,0.014581439,0.00809701,0.004877942,0.010111956
0.001682279,0.575117876,0.000622933,0.38004317,0.00144292,0.008513674,0.000106724,0.012176671,0.007989514,0.004302225,0.00260766,0.005394356
0.001140705,0.754848534,0.000438153,0.215375745,0.00100141,0.005524358,7.57E-05,0.007975538,0.005318367,0.002896922,0.001793059,0.00361149
0.00238645,0.428284764,0.000872506,0.503192386,0.002084532,0.013235312,0.000146542,0.019411431,0.012335976,0.006264786,0.003801301,0.007984013
0.001555418,0.616777379,0.000585735,0.343778776,0.001262483,0.007611469,0.000101663,0.01052589,0.006975314,0.003767252,0.002386706,0.004671915
0.003672443,0.363594147,0.001326789,0.521884995,0.003125418,0.021745517,0.000217273,0.034344935,0.020912054,0.010092893,0.00606859,0.013014945
0.001677197,0.333096549,0.000613089,0.616918611,0.001398015,0.009689537,0.000102526,0.014654458,0.009026876,0.004438326,0.002727728,0.005657087
0.001349805,0.430609714,0.000492496,0.533495624,0.001083766,0.007076996,8.40E-05,0.010018347,0.006353998,0.003259382,0.00208764,0.004088193
0.002865559,0.284393106,0.000998458,0.629980105,0.002319807,0.017525601,0.000165583,0.025248385,0.015240105,0.007332773,0.004527673,0.009402845
0.001922648,0.485747318,0.000710605,0.464335597,0.001514508,0.009787583,0.000122513,0.013573864,0.008832938,0.00467381,0.002964732,0.005813883
0.003340948,0.517974821,0.001263398,0.400982247,0.002630383,0.015770215,0.000223212,0.021299518,0.014194806,0.007736989,0.005081525,0.009501939
0.001497462,0.422030543,0.000550806,0.537732132,0.001224362,0.007950835,9.45E-05,0.011147814,0.007134775,0.003683482,0.002335689,0.004617649
0.000970372,0.319548956,0.000355014,0.653435966,0.000785197,0.005309192,6.04E-05,0.007692968,0.004811618,0.002430733,0.001538576,0.003061002
0.002201753,0.56845461,0.000843415,0.375498776,0.001770158,0.010720123,0.000146604,0.014998241,0.00994298,0.005357861,0.003441035,0.006624443
0.001773846,0.660353744,0.000689777,0.294673569,0.001485409,0.008438042,0.000120633,0.011961063,0.007982037,0.004355124,0.002788375,0.005378382
0.001047777,0.721431729,0.000402342,0.251449634,0.000881024,0.00511716,6.98E-05,0.007351782,0.004823412,0.002574945,0.001650186,0.003200234
0.002934195,0.451982988,0.001046841,0.478918033,0.002250297,0.014313717,0.000184319,0.018027957,0.011885142,0.006374103,0.004213032,0.007869377
0.001080333,0.388633917,0.000392437,0.582769678,0.000860663,0.005735081,6.72E-05,0.007856055,0.005050939,0.0026187,0.001654092,0.003280937
0.003931432,0.316719059,0.001327038,0.583186707,0.002926613,0.022222457,0.00022626,0.026924637,0.017198889,0.008734848,0.005630137,0.010971924
0.002003202,0.232457558,0.000695377,0.709170563,0.001551145,0.012255891,0.000116399,0.016811712,0.010326411,0.005054906,0.003120054,0.006436783
0.002082479,0.463505401,0.000743341,0.485339092,0.00159221,0.010476223,0.000129097,0.013557171,0.00890461,0.004738449,0.003051087,0.00588084
0.002380574,0.40214919,0.000837413,0.538129879,0.001830909,0.012431393,0.000144566,0.015960054,0.010388776,0.005451344,0.003495415,0.006800485
0.001320545,0.369385844,0.00046669,0.596109623,0.001040162,0.007036283,7.99E-05,0.009390152,0.006060091,0.003165875,0.001972771,0.003972027
0.001245163,0.440420619,0.000452255,0.525860785,0.001029075,0.006665202,7.70E-05,0.009263999,0.005995358,0.003129014,0.001920881,0.003940639
0.001510726,0.64390702,0.000568245,0.318145607,0.001221936,0.007366471,9.87E-05,0.01006514,0.006704159,0.003619413,0.00230671,0.004485838
0.002209039,0.514211946,0.000813112,0.431748799,0.001733454,0.010832731,0.000141766,0.014308816,0.009438696,0.00503347,0.003295247,0.006232924
0.002026435,0.307691833,0.000713571,0.63914048,0.001545142,0.011211612,0.000121585,0.01461456,0.009293102,0.00469962,0.003037567,0.005904493
0.00184122,0.336863582,0.000657299,0.614997249,0.001406046,0.009971922,0.000112467,0.013197832,0.008440238,0.004317427,0.002788568,0.00540615
0.001429106,0.269517142,0.000498058,0.692371389,0.001102034,0.008000426,8.44E-05,0.010535335,0.00667745,0.003382004,0.002137571,0.004265073
0.001658729,0.369185169,0.00060483,0.58541958,0.00129286,0.009087204,0.000101704,0.012729997,0.008093186,0.004084834,0.002596851,0.005145056
0.001220283,0.23275944,0.000444103,0.732076498,0.000962049,0.007128606,7.40E-05,0.010187875,0.006280768,0.003045274,0.001952648,0.003868487
0.003183528,0.308725462,0.001117234,0.602294306,0.002496466,0.018737607,0.00018727,0.025279451,0.015672606,0.007658342,0.004923681,0.009724047
0.002109545,0.301127797,0.000747882,0.643993914,0.001562623,0.011499259,0.000128365,0.015300508,0.009563023,0.004789507,0.003195491,0.005982086
0.002356427,0.379981805,0.000834919,0.561047773,0.001759043,0.012320163,0.000143406,0.015939554,0.010263834,0.005288899,0.003474281,0.006589895
0.002454337,0.539847679,0.000925104,0.399207274,0.001932625,0.011908088,0.000160746,0.016206833,0.010736358,0.005756828,0.003747527,0.007116601
0.002494998,0.400347425,0.000925563,0.533584058,0.001968045,0.013076811,0.000159244,0.018310811,0.011678998,0.006026429,0.003913454,0.007514163
0.003099846,0.449697573,0.00113199,0.474288702,0.002371377,0.015444628,0.000197998,0.020282034,0.013245392,0.006977658,0.004632328,0.008630473
0.002168962,0.334123715,0.000792242,0.606772461,0.00170136,0.011916395,0.000134976,0.016742708,0.010448875,0.00522381,0.003411867,0.006562629
0.004410675,0.330336491,0.001515135,0.558361226,0.003097704,0.02426323,0.000260223,0.030530689,0.019205695,0.009590483,0.006472733,0.011955717
0.00184765,0.289606965,0.000659896,0.660401033,0.001394936,0.010320957,0.000111674,0.014156094,0.008809939,0.004354238,0.002856392,0.005480228
0.002858779,0.256650731,0.000983129,0.663561181,0.002059948,0.017091619,0.000165098,0.023006557,0.013968419,0.006745071,0.004385852,0.008523618
0.005152852,0.230964903,0.001659943,0.611354108,0.003607937,0.037160143,0.000273245,0.048273684,0.026833785,0.011729013,0.007910816,0.015079571
0.002536611,0.216215486,0.00086702,0.70959632,0.001946734,0.016079663,0.000144595,0.022001516,0.012943817,0.006023405,0.003943107,0.007701725
0.005967902,0.237273667,0.00193882,0.570004735,0.004280215,0.044768278,0.000315348,0.060523368,0.033023641,0.014151371,0.009402449,0.018350208
0.003030628,0.212790327,0.001040133,0.690912868,0.002259086,0.020770826,0.000169882,0.030207134,0.016926471,0.007417326,0.004907411,0.009567908
0.005685557,0.255425339,0.001899478,0.560833585,0.004284618,0.040683902,0.0003084,0.058271457,0.031983558,0.013686057,0.009166769,0.017771281
0.002884495,0.241511597,0.001002363,0.673083284,0.00216099,0.018226386,0.000166664,0.025735352,0.015010636,0.006858457,0.004605262,0.008754515
0.004563592,0.432626043,0.001622299,0.461734899,0.003340159,0.021779492,0.000286561,0.02783906,0.018167961,0.00962693,0.006577113,0.011835892
0.002252844,0.441622398,0.000826669,0.500710851,0.001746383,0.011594019,0.000142682,0.015833802,0.010143718,0.005199607,0.003452094,0.006474932
0.003000301,0.443661636,0.001103547,0.479105142,0.002298912,0.01531181,0.000190436,0.02117091,0.013644012,0.00708087,0.004635889,0.008796536
0.002919807,0.399822236,0.001031457,0.528938214,0.002258228,0.014731182,0.000181368,0.019197571,0.012283459,0.006403532,0.004287667,0.00794528
0.002509173,0.255775946,0.000857391,0.675684843,0.001908598,0.014577402,0.000146306,0.019647087,0.011901686,0.005826109,0.003809007,0.007356451
0.001127498,0.379759489,0.000406479,0.589349991,0.00093682,0.006075142,6.93E-05,0.008670795,0.005482593,0.002815902,0.001751981,0.003553996
0.002750817,0.275772576,0.000943529,0.643582326,0.002183657,0.016666411,0.000157334,0.023882181,0.014260969,0.006799079,0.004292332,0.008708789
0.001663015,0.549516808,0.000618131,0.408044884,0.001350675,0.008277822,0.000107322,0.01161006,0.007481732,0.00390482,0.002564157,0.004860575
0.002407641,0.419912592,0.000863115,0.514875232,0.002030091,0.012866643,0.000146784,0.018312263,0.011554396,0.005879398,0.003716906,0.007434939
0.006066686,0.295455367,0.002043317,0.51662062,0.004691593,0.039629633,0.000333837,0.058115766,0.033239847,0.01490231,0.009621754,0.01927927
0.007781003,0.30139715,0.002371261,0.523662149,0.005010384,0.043040487,0.000414416,0.044984067,0.028596243,0.014613526,0.010014989,0.018114325
0.00797179,0.288407136,0.002411834,0.525612582,0.005111666,0.046086513,0.000417686,0.048790737,0.030460233,0.015291132,0.010398108,0.019040583
0.007007735,0.252901832,0.002132344,0.555361654,0.004761119,0.047865335,0.000355853,0.054427404,0.031815928,0.014753109,0.009803978,0.018813709
0.004636621,0.284855826,0.001462044,0.600044075,0.003255338,0.026754615,0.000251494,0.031373764,0.0193502,0.009597233,0.006360718,0.012058073
0.003408245,0.256977699,0.001108692,0.65614251,0.002424334,0.019989341,0.000190184,0.02383815,0.014711882,0.007258577,0.004825596,0.00912479
0.002008948,0.201822631,0.000679493,0.743682921,0.001474244,0.012004824,0.000114957,0.015487259,0.009410186,0.004555833,0.002998996,0.005759709
0.003772064,0.229541047,0.0012461,0.659834222,0.002761477,0.025416086,0.000205895,0.032404565,0.019076854,0.008772795,0.005716266,0.011252629
0.002583028,0.213525607,0.000851057,0.716916669,0.001837093,0.015828389,0.000143126,0.019800361,0.011909239,0.00566093,0.0037716,0.007172901
0.007744909,0.296967685,0.002398585,0.519612141,0.004974026,0.045503083,0.000411432,0.047729129,0.030346177,0.015165297,0.010237414,0.018910121
0.003545334,0.44396323,0.001275537,0.470556782,0.002641007,0.017646579,0.000221333,0.022428946,0.014862563,0.007908211,0.005170841,0.009779637
0.008857511,0.413256854,0.003218506,0.401438313,0.006372431,0.037893838,0.000585601,0.045956658,0.031355654,0.017545189,0.012314241,0.021205203
0.003534975,0.44534696,0.001289665,0.469279193,0.002644963,0.017329162,0.000225092,0.02257954,0.014851954,0.007916013,0.005243161,0.009759323
0.002156385,0.327668105,0.000767824,0.616516696,0.001624757,0.011590752,0.000131464,0.015363182,0.009748643,0.004969579,0.003253176,0.006209436
0.002031591,0.254569892,0.000714616,0.690252209,0.001511949,0.011696571,0.00012087,0.01563374,0.009660007,0.004738454,0.003102869,0.005967231
0.003151042,0.394693092,0.001146043,0.525527627,0.00235046,0.016414525,0.000197343,0.021645224,0.01396641,0.007197155,0.004769835,0.008941244
0.006194742,0.479158355,0.002359542,0.382673092,0.004742061,0.027007429,0.000423018,0.034695173,0.023885871,0.01346326,0.009052321,0.016345135
0.002865743,0.258224553,0.001006015,0.657849756,0.002241992,0.017669362,0.000168162,0.024570928,0.014810479,0.007070909,0.004515004,0.009007097
0.018611352,0.170520634,0.005059016,0.241548578,0.012220239,0.18201726,0.000795503,0.156950839,0.093774527,0.040124746,0.025791165,0.05258614
0.004646101,0.262327855,0.00155081,0.604563113,0.003259159,0.030644144,0.000256756,0.038459206,0.023040632,0.010657465,0.007026721,0.013568039
0.00723194,0.326048921,0.002639895,0.425243796,0.006252369,0.045739936,0.00042483,0.079856803,0.046207635,0.020663615,0.01272414,0.02696612
0.004773112,0.304305012,0.001630101,0.550782543,0.003718504,0.029953668,0.000268577,0.043145922,0.025851943,0.012300393,0.007480997,0.015789227
0.001957668,0.571855185,0.000738011,0.376404299,0.0016009,0.009815551,0.000126963,0.014141897,0.009251671,0.004912992,0.003075065,0.006119798
0.002779538,0.318008156,0.001014034,0.597946724,0.002262014,0.016300347,0.00016855,0.02502753,0.015156626,0.007358102,0.004599959,0.009378418
0.008014183,0.272827506,0.002672747,0.463647782,0.006318406,0.055625114,0.000433694,0.082817102,0.046620722,0.020838766,0.013050619,0.027133359
0.002236863,0.460885122,0.000842053,0.479764724,0.001802565,0.011464941,0.000144687,0.016441899,0.01054493,0.005487041,0.003544956,0.00684022
0.003372902,0.413720458,0.001250571,0.487381403,0.002895345,0.01863235,0.000208801,0.029106595,0.017895176,0.008796263,0.005542403,0.011197734
0.00226127,0.343047913,0.000842647,0.588987406,0.001911893,0.012981815,0.00014017,0.020445945,0.012267254,0.005860106,0.003773921,0.00747966
0.004221832,0.390338474,0.00151187,0.493030813,0.003600467,0.022799574,0.000256004,0.032571153,0.020727922,0.010744516,0.00658837,0.013609005
0.002072626,0.441615514,0.000768825,0.504181334,0.001673211,0.010694135,0.000132163,0.014967295,0.00956985,0.004930139,0.003231259,0.006163649
0.00217409,0.292912934,0.000763764,0.646767119,0.001630326,0.012404296,0.00012807,0.017332324,0.010667377,0.005238697,0.003362709,0.006618294
0.003386895,0.255856474,0.00113267,0.650180034,0.002505887,0.020862894,0.000190028,0.027296667,0.016227629,0.007618545,0.005055712,0.009686563
0.004579172,0.424640378,0.001609399,0.469156207,0.003371504,0.022039925,0.00028447,0.028038722,0.018233942,0.009629292,0.006557984,0.011859007
0.004167166,0.37980331,0.001394029,0.522911683,0.003196913,0.020957781,0.000245991,0.025349687,0.016483392,0.008816286,0.005734047,0.010939713
0.002962508,0.467865489,0.001045225,0.463661662,0.002279206,0.014244033,0.00018507,0.017805704,0.011723297,0.006282345,0.00419369,0.007751771
0.002334626,0.289675573,0.00079178,0.650111425,0.001792161,0.013056409,0.000135132,0.016615816,0.010386386,0.005182464,0.003387186,0.006531042
0.005065884,0.298302281,0.001625075,0.571245449,0.003766994,0.02998429,0.000275852,0.035480237,0.022157253,0.01104068,0.007083928,0.013972078
0.00242803,0.470056471,0.000877389,0.467731579,0.00201626,0.012396766,0.00015086,0.016997363,0.010921857,0.005662099,0.003660566,0.007100758
0.002235565,0.443634626,0.000797006,0.498893082,0.001827442,0.011674198,0.000136154,0.015523231,0.010085847,0.00526286,0.003317927,0.006612063
0.015131201,0.238486305,0.00426527,0.3672823,0.009574806,0.113241278,0.000704009,0.104634996,0.062785719,0.02815827,0.019767871,0.035967975
0.003533291,0.335451795,0.00122401,0.568411026,0.002703991,0.020506563,0.000205162,0.026992213,0.016900494,0.008265099,0.005326693,0.010479665
0.001929508,0.507483977,0.000738604,0.439439758,0.001618584,0.010076976,0.000125859,0.014771906,0.009544156,0.004942162,0.003128776,0.006199735
0.003532957,0.342685823,0.001245268,0.564723403,0.002617969,0.019741657,0.000210667,0.02546739,0.016208531,0.008090371,0.005317007,0.010158958
0.004960072,0.283756314,0.001673781,0.573670091,0.003795285,0.031975934,0.00027745,0.040964338,0.024835053,0.011631404,0.007560329,0.01489995
0.003756079,0.372305854,0.001320227,0.521798458,0.003150749,0.021098468,0.000222356,0.030391993,0.018840993,0.009355239,0.005843146,0.011916438
0.001926075,0.582173347,0.000713937,0.36600208,0.001660608,0.009770315,0.000122018,0.014200648,0.009283951,0.004932291,0.003013161,0.006201568
0.009281186,0.458800084,0.003722657,0.344264364,0.007410734,0.036659367,0.000681689,0.047486446,0.033912395,0.020083227,0.013609849,0.024088003
0.007153411,0.486768799,0.002832897,0.354060701,0.005714377,0.029853866,0.000509566,0.039330837,0.02765937,0.016054193,0.010652392,0.01940959
0.002853402,0.496113476,0.001134996,0.415721072,0.002454591,0.015393301,0.000187966,0.0255317,0.016422257,0.008456306,0.005019757,0.010711177
0.003354438,0.42777872,0.001316022,0.471732397,0.002727381,0.018344255,0.000220111,0.029174181,0.018482401,0.009339242,0.005788226,0.011742627
0.004269388,0.384724769,0.001682669,0.467088923,0.003780411,0.025401359,0.000271844,0.04596725,0.028033647,0.013500958,0.007840456,0.017438326
0.003565241,0.36114605,0.001347196,0.527098926,0.00286975,0.020749436,0.000222792,0.033830082,0.020513557,0.009907692,0.006143268,0.012606011
0.004791719,0.345481428,0.001763833,0.493023565,0.00406139,0.029468707,0.000287046,0.050773519,0.029888285,0.014007725,0.008320456,0.018132327
0.007585142,0.284306191,0.002808505,0.41221548,0.006316171,0.053365697,0.000437339,0.106327158,0.057206656,0.023716656,0.014226819,0.031488187
0.003415179,0.449457101,0.001336159,0.454361514,0.002773551,0.017769663,0.000226804,0.027540819,0.017424357,0.008873035,0.005745343,0.011076474
0.005684543,0.273442176,0.001914475,0.550113985,0.004103497,0.037834495,0.000315181,0.054618989,0.03101042,0.013944372,0.009137,0.017880866
0.01471486,0.216021416,0.004231711,0.331816722,0.009633152,0.116227534,0.000685646,0.136918944,0.074730334,0.032056653,0.021505351,0.041457677
0.00792774,0.293921577,0.002707761,0.456435321,0.006355221,0.050987793,0.000446801,0.075787683,0.044529971,0.020931547,0.012974907,0.026993677
0.009735974,0.285649622,0.003687633,0.381690779,0.008293782,0.061861506,0.000601267,0.105418508,0.061551704,0.027815495,0.017907856,0.035785873
0.004677731,0.374096577,0.001778093,0.478151151,0.003764681,0.027565873,0.000291346,0.043987575,0.027422173,0.013272047,0.008078649,0.016914103
0.009466272,0.260790713,0.003158983,0.429195536,0.006512511,0.071633482,0.000504644,0.095537079,0.054704836,0.023118615,0.015447327,0.029930002
0.005839742,0.348002914,0.002282032,0.452784456,0.004619278,0.036200689,0.000366583,0.061727102,0.037694894,0.017405431,0.0107352,0.022341678
0.029309049,0.065403949,0.017666625,0.067093034,0.08127271,0.080745007,0.002237062,0.116936835,0.137786344,0.15216433,0.081120904,0.168264149
0.049217329,0.055677915,0.036795484,0.056693045,0.265813978,0.070955603,0.005457132,0.078367497,0.087543272,0.105757381,0.083417155,0.104304208
0.008655647,0.320485918,0.003309314,0.368194443,0.008564041,0.052030737,0.000530695,0.095711273,0.059545848,0.028937958,0.015908716,0.038125409
0.005847137,0.46494359,0.002364074,0.353655363,0.005777608,0.0297679,0.000392013,0.051330652,0.034157445,0.018163604,0.010431951,0.023168662
0.006442536,0.443150497,0.002517818,0.363822564,0.006169437,0.032573948,0.000422676,0.053861634,0.035866679,0.019459445,0.011048616,0.024664151
0.006273035,0.490371229,0.002537904,0.331268772,0.00624173,0.029370356,0.000431529,0.047298903,0.032874687,0.018962077,0.010627669,0.02374211
0.00391125,0.638909912,0.001649362,0.26115645,0.003618127,0.016878219,0.000289368,0.025520305,0.018035708,0.010597812,0.006455626,0.012977861
0.008562082,0.450290195,0.003441283,0.326693698,0.008625953,0.037422015,0.000597721,0.056945559,0.040298199,0.023758029,0.013926952,0.029438314
0.006204938,0.537117551,0.002786424,0.283575495,0.006623221,0.027336389,0.000469266,0.046456914,0.033544754,0.019871111,0.011254845,0.024759094
0.008402938,0.396842161,0.003776604,0.30818193,0.00929413,0.042302367,0.000599437,0.084207914,0.058286734,0.031008295,0.016949874,0.040147616
0.005394941,0.485379859,0.002291601,0.33896264,0.005406191,0.027799077,0.000371759,0.050884961,0.033728808,0.017375289,0.010102205,0.02230267
0.006519212,0.471398748,0.002804384,0.320384596,0.006773258,0.032091373,0.000458906,0.057556014,0.039931297,0.021937422,0.012179093,0.027965697
0.008281022,0.393586477,0.00339823,0.334060175,0.008617811,0.043161456,0.000547634,0.077236593,0.052454769,0.027654135,0.015202843,0.035798854
0.010966513,0.280181311,0.004797356,0.274418736,0.012409852,0.062104442,0.000738348,0.134366605,0.091361446,0.045003336,0.02351494,0.060137114
0.011104973,0.311483708,0.005270313,0.263321223,0.01332031,0.054947994,0.000815472,0.11715063,0.08656313,0.048372717,0.024327903,0.063321626
0.004762768,0.569118976,0.002056811,0.295260774,0.004644694,0.021971581,0.000345188,0.03692542,0.025274484,0.013851638,0.00845905,0.017328615
0.005500219,0.521297335,0.002355056,0.311570176,0.005610043,0.026339791,0.000390464,0.045773263,0.031566277,0.017491994,0.009994496,0.022110886
0.005759929,0.583239651,0.002456365,0.277924921,0.005606895,0.023189527,0.000438782,0.033681264,0.02460519,0.015329152,0.009175362,0.018592963
