C1,C2,C3,C4
0.450005845,0.268134925,0.115460828,0.166398402
0.259840511,0.300953138,0.220332204,0.218874147
0.397523649,0.273170364,0.14817922,0.181126767
0.195153793,0.261332589,0.322172637,0.221340981
0.327876819,0.3096269,0.169600856,0.192895425
0.300859737,0.276575896,0.203617624,0.218946743
0.677686058,0.156751744,0.058898572,0.106663626
0.706686402,0.139742611,0.064789897,0.08878109
0.730990992,0.129040488,0.058143358,0.081825162
0.709933401,0.13603797,0.062081606,0.091947023
0.322913472,0.287221156,0.103006197,0.286859175
0.265711184,0.274328231,0.133774604,0.326185981
0.296023565,0.266423963,0.103320335,0.334232138
0.270607068,0.291448589,0.149240569,0.288703774
0.265678405,0.286698663,0.149264059,0.298358873
0.20684984,0.349499484,0.161217611,0.282433066
0.378202644,0.26579158,0.167807777,0.188197999
0.341258605,0.295101447,0.214473382,0.149166567
0.167919792,0.309076281,0.227438953,0.295564974
0.160567017,0.301566638,0.184595531,0.353270813
0.203251105,0.31767135,0.104454869,0.374622676
0.133718403,0.276778132,0.130052351,0.459451114
0.138329843,0.270082364,0.108257766,0.483330027
0.168402353,0.319831155,0.106534748,0.405231744
0.140544353,0.279425009,0.148705496,0.431325142
0.128788627,0.226040274,0.094890066,0.550281032
0.156531103,0.269895304,0.0838087,0.489764893
0.163070521,0.308730887,0.137605455,0.390593137
0.184863828,0.333676443,0.137207538,0.344252191
0.181724063,0.299168827,0.141496606,0.377610504
0.146187564,0.314553651,0.189880703,0.349378082
0.178964673,0.289780938,0.16014537,0.371109019
0.195811255,0.318358705,0.146917995,0.338912044
0.200864727,0.268461511,0.112609128,0.418064635
0.123004586,0.220315055,0.104923968,0.551756391
0.129250359,0.218953372,0.093022162,0.558774107
0.160586625,0.263572162,0.083535796,0.492305417
0.181215337,0.325529643,0.087117228,0.406137791
0.130684057,0.280612316,0.08163191,0.507071717
0.198758287,0.324836476,0.163514064,0.312891174
0.220752551,0.28271536,0.075326604,0.421205485
0.152727669,0.254565609,0.075285013,0.517421709
0.179525276,0.324083467,0.116320604,0.380070652
0.202241032,0.321836522,0.160678121,0.315244325
0.164939344,0.305578492,0.120199602,0.409282562
0.194729288,0.281508533,0.081027493,0.442734686
0.109977233,0.218561921,0.06448212,0.606978726
0.177170251,0.333198742,0.123229981,0.366401027
0.187251889,0.323394313,0.142606021,0.346747777
0.13583759,0.290844703,0.110601371,0.462716335
0.180182608,0.252552137,0.074606172,0.492659083
0.102728519,0.209609502,0.064256609,0.62340537
0.176916612,0.337779382,0.130077145,0.355226862
0.196202157,0.297412564,0.110504124,0.395881155
0.1480925,0.266494912,0.122310864,0.463101723
0.168871096,0.311306405,0.107446814,0.412375685
0.13423848,0.228295507,0.082206209,0.555259803
0.215574905,0.320055139,0.173243253,0.291126703
0.166486474,0.312373403,0.171979848,0.349160274
0.168105278,0.279143811,0.235230362,0.317520549
0.104431769,0.201258188,0.057382761,0.636927282
0.106783349,0.210486743,0.089657857,0.593072051
0.148378139,0.231513359,0.086647549,0.533460953
0.099462499,0.185974852,0.074938463,0.639624186
0.151686107,0.284684343,0.120187627,0.443441924
0.104598519,0.191263121,0.076293587,0.627844773
0.105555783,0.234062543,0.109329044,0.55105263
0.128599135,0.205356451,0.086315661,0.579728754
0.105655204,0.220226927,0.098985584,0.575132285
0.120584906,0.259009323,0.132957074,0.487448697
0.106629036,0.230320331,0.105275178,0.557775456
0.098346035,0.200202559,0.081701691,0.619749715
0.119598764,0.212505008,0.0881647,0.579731528
0.144356777,0.214303621,0.093986624,0.547352978
0.125439742,0.201559271,0.09006077,0.582940217
0.147171853,0.307606084,0.101886069,0.443335994
0.137973695,0.256743805,0.105439447,0.499843052
0.16355155,0.270757398,0.11884738,0.446843672
0.146921738,0.257864006,0.142514061,0.452700195
0.195156546,0.311742005,0.187942683,0.305158766
0.211227739,0.32103809,0.115129484,0.352604687
0.179345366,0.244674743,0.121322725,0.454657166
0.164392724,0.236398241,0.126228619,0.472980416
0.175113818,0.292943773,0.12445986,0.40748255
0.185730435,0.290757786,0.160861391,0.362650388
0.135213393,0.245402121,0.065386397,0.553998088
0.101484089,0.210865622,0.068499852,0.619150437
0.136892021,0.291719151,0.083274394,0.488114433
0.135646065,0.290697174,0.115507179,0.458149583
0.670077426,0.157164339,0.069774085,0.10298415
0.563372068,0.210448944,0.095885889,0.1302931
0.596133284,0.202933349,0.089461368,0.111471998
0.644389482,0.186382357,0.077021255,0.092206905
0.591714149,0.20275564,0.09238701,0.1131432
0.697423508,0.145532071,0.063535376,0.093509045
0.710202636,0.145214089,0.061713419,0.082869856
0.498977837,0.248912578,0.108384153,0.143725432
0.66156517,0.16037749,0.073085528,0.104971812
0.690260089,0.146568822,0.065980806,0.097190282
0.657426455,0.162626979,0.074203851,0.105742715
0.709918117,0.140990908,0.06185418,0.087236795
0.24572413,0.315879522,0.156354317,0.282042032
0.193663385,0.291966192,0.252189775,0.262180648
0.202311929,0.299070668,0.204394295,0.294223108
0.212789485,0.301024692,0.231520408,0.254665415
0.212401149,0.29061643,0.224664722,0.272317698
0.193661323,0.275187739,0.160493935,0.370657003
0.197557744,0.2922961,0.228561086,0.28158507
0.280305072,0.337773068,0.154205549,0.227716311
0.195244499,0.285996858,0.242569785,0.276188858
0.206297346,0.294176633,0.238050989,0.261475032
0.198925927,0.291427081,0.231528577,0.278118415
0.26909017,0.333288427,0.177177191,0.220444212
0.234922251,0.306851518,0.214453913,0.243772318
0.182427444,0.366480843,0.107921525,0.343170188
0.795541718,0.10308555,0.04226594,0.059106792
0.762999738,0.115611512,0.050788059,0.070600692
0.271873867,0.268995292,0.240756583,0.218374258
0.416530637,0.269740115,0.167406782,0.146322466
0.802237374,0.102510549,0.040826076,0.054426001
0.232592899,0.262588237,0.327405101,0.177413763
0.810578444,0.093893037,0.040037663,0.055490856
0.801667615,0.097942358,0.04142431,0.058965717
0.77728497,0.109720969,0.04870869,0.064285371
0.792883037,0.10401078,0.046076224,0.057029959
0.793822999,0.104866354,0.046389763,0.054920884
0.332017883,0.277140652,0.204519353,0.186322112
0.164184821,0.246527768,0.434366732,0.154920678
0.157073572,0.233765198,0.473876486,0.135284743
0.554290083,0.212415804,0.11259421,0.120699903
0.742118857,0.129449425,0.054288006,0.074143712
0.160977927,0.233777612,0.101065825,0.504178637
0.170114992,0.263195526,0.131209567,0.435479915
0.162826567,0.26702316,0.155972772,0.4141775
0.153952449,0.257657622,0.09872863,0.489661299
0.094959408,0.18548117,0.073971028,0.645588394
0.174620127,0.267012351,0.141518059,0.416849463
0.168595569,0.260578989,0.14150149,0.429323952
0.156792982,0.239741238,0.110014281,0.493451499
0.171513999,0.256310396,0.146770317,0.425405288
0.170604768,0.23509893,0.107428361,0.486867942
0.169835944,0.248203465,0.135172154,0.446788437
0.174675458,0.257943545,0.134580149,0.432800848
0.173263185,0.242364759,0.11502247,0.469349586
0.180148459,0.256671884,0.145706292,0.417473365
0.155788934,0.236751006,0.112577316,0.494882743
0.158615161,0.245798811,0.141161225,0.454424803
0.159630451,0.231139377,0.103519005,0.505711167
0.131210123,0.205100537,0.092540853,0.571148487
0.147687184,0.227847527,0.10976871,0.51469658
0.148191437,0.220429387,0.103521535,0.52785764
0.163822355,0.256742724,0.123397029,0.456037892
0.162817327,0.238917114,0.104480389,0.49378517
0.373442829,0.29639622,0.096920898,0.233240052
0.280808519,0.365986853,0.133899197,0.219305431
0.186765613,0.290289935,0.235007813,0.287936638
0.186163318,0.290713339,0.194392621,0.328730722
0.184370908,0.290196103,0.197798041,0.327634949
0.130714263,0.212545299,0.096195048,0.560545389
0.159906296,0.250607809,0.123200073,0.466285822
0.141170703,0.215804004,0.091109802,0.551915491
0.162324841,0.233510931,0.089924676,0.514239551
0.123979788,0.204201862,0.081535398,0.590282952
0.163327468,0.239014469,0.110507612,0.487150451
0.173509733,0.234252748,0.108163989,0.48407353
0.145284886,0.232765075,0.10024048,0.521709559
0.229638285,0.307670305,0.192024513,0.270666897
0.229646976,0.31219057,0.185605095,0.272557359
0.205173541,0.29656101,0.172116467,0.326148983
0.211431758,0.295894994,0.182807514,0.309865734
0.207412086,0.305653287,0.167550366,0.31938426
0.206830522,0.305948759,0.167563843,0.319656877
0.209171062,0.310227653,0.158888266,0.321713019
0.229109288,0.312475087,0.185687739,0.272727886
0.210509524,0.311571703,0.169971206,0.307947566
0.213546293,0.306016671,0.179537246,0.30089979
0.229638285,0.307670305,0.192024513,0.270666897
0.202870666,0.297706135,0.172679399,0.326743799
0.211300829,0.296020413,0.182809692,0.309869066
0.179292065,0.282325114,0.168204055,0.370178766
0.179139499,0.282508303,0.167570249,0.370781949
0.161417139,0.233336514,0.087128531,0.518117816
0.121715814,0.204530608,0.086704268,0.58704931
0.319237643,0.312854276,0.194468822,0.17343926
0.299677507,0.330593556,0.18997513,0.179753807
0.450792891,0.249680024,0.1402852,0.159241885
0.337261875,0.305017624,0.17964369,0.178076811
0.702202489,0.148960539,0.055279995,0.093556977
0.497773119,0.244525043,0.111910105,0.145791732
0.540999015,0.232988484,0.100469837,0.125542665
0.747455612,0.125392504,0.048140185,0.079011699
0.368667126,0.282869268,0.149321133,0.199142474
0.351455474,0.284092662,0.152419776,0.212032089
0.400262577,0.284253484,0.137217791,0.178266149
0.273135148,0.329797014,0.233222761,0.163845078
0.298770408,0.302110849,0.20900243,0.190116312
0.58591541,0.207134305,0.094977461,0.111972824
0.488972807,0.254568318,0.114464945,0.14199393
0.345178286,0.291097255,0.155453603,0.208270857
0.578852501,0.219472315,0.094249483,0.107425701
0.595295277,0.205566139,0.089924083,0.109214501
0.212146385,0.26970328,0.351045194,0.16710514
0.212104426,0.278990619,0.318255722,0.190649233
0.64059728,0.181737769,0.078306936,0.099358015
0.071757007,0.126783667,0.050577443,0.750881884
0.083415886,0.1418128,0.058324169,0.716447145
0.359950187,0.278072878,0.114959854,0.247017081
0.179603654,0.289237367,0.193381716,0.337777262
0.166013243,0.282998186,0.179729345,0.371259225
0.125452658,0.212856748,0.136501837,0.525188757
0.130181102,0.221595519,0.143123868,0.505099511
0.116031499,0.211862113,0.134756935,0.537349453
0.134162095,0.219403059,0.150355025,0.49607982
0.094902688,0.167845478,0.094860571,0.642391263
0.102253778,0.175279989,0.101389952,0.62107628
0.088178096,0.147654884,0.067152264,0.697014757
0.098871904,0.159321706,0.074278346,0.667528043
0.071049603,0.127254213,0.053775079,0.747921105
0.084779032,0.142277311,0.0620174,0.710926257
0.068782996,0.127975417,0.063049297,0.74019229
0.080088309,0.139416468,0.068823239,0.711671985
0.079054923,0.138927228,0.06914968,0.712868169
0.088451257,0.149591965,0.075318692,0.686638086
0.080058916,0.144588488,0.075727236,0.69962536
0.097088195,0.162096637,0.086039132,0.654776036
0.126944902,0.217050345,0.142434712,0.51357004
0.141986886,0.237179377,0.164594539,0.456239198
0.119572456,0.215860687,0.142216182,0.522350675
0.127730685,0.222547793,0.153234787,0.496486735
0.111662453,0.208712828,0.131262216,0.548362503
0.142653219,0.239558402,0.177296289,0.440492089
0.145487527,0.242813225,0.184738589,0.426960659
0.157218706,0.250538746,0.189877268,0.40236528
0.153146625,0.249718864,0.183673416,0.413461095
0.097361204,0.188646184,0.107576048,0.606416565
0.09243284,0.169185446,0.097374332,0.641007382
0.071794372,0.132377224,0.061084991,0.734743413
0.086731062,0.153865403,0.079228642,0.680174893
0.085281474,0.164782218,0.08795225,0.661984058
0.08683573,0.167801434,0.09045951,0.654903326
0.143039641,0.239473446,0.184544842,0.432942071
0.072882112,0.13973057,0.071274845,0.716112472
0.738643797,0.12481246,0.053152445,0.083391298
0.724119868,0.130360343,0.056733757,0.088786031
0.724916157,0.137531582,0.060999496,0.076552765
0.343540156,0.280132042,0.206849386,0.169478416
0.582119295,0.199219774,0.094236058,0.124424873
0.537186532,0.218323921,0.106983806,0.137505741
0.582249934,0.19935763,0.094196993,0.124195443
0.699887449,0.152609571,0.066421838,0.081081141
0.760175093,0.119059175,0.048741562,0.07202417
0.76404632,0.116792129,0.048143807,0.071017745
0.688407054,0.144326765,0.066492994,0.100773187
0.735306927,0.127045254,0.057397272,0.080250547
0.727657075,0.129286792,0.058447287,0.084608846
0.689456164,0.143793213,0.066307854,0.100442769
0.725400941,0.130525248,0.059029273,0.085044538
0.72739933,0.129636177,0.058536868,0.084427625
0.682596332,0.146417264,0.067866033,0.103120371
0.718903877,0.133154538,0.06073894,0.087202645
0.718903877,0.133154538,0.06073894,0.087202645
0.703837306,0.138444644,0.063536699,0.09418135
0.689456164,0.143793213,0.066307854,0.100442769
0.715544261,0.134257195,0.061274119,0.088924425
0.732033951,0.127862928,0.05778181,0.082321312
0.183352515,0.254002701,0.38703512,0.175609664
0.700825934,0.139519295,0.063143406,0.096511365
0.696176205,0.141222484,0.064407792,0.098193519
0.723884276,0.130342324,0.058220366,0.087553034
0.777067003,0.108997388,0.047863679,0.06607193
0.744316683,0.123300566,0.052922429,0.079460322
0.667311563,0.157424214,0.072861698,0.102402525
0.713604694,0.14004804,0.060103826,0.08624344
0.772372068,0.110698771,0.046793694,0.070135467
0.683899209,0.147469457,0.069732592,0.098898742
0.683899209,0.147469457,0.069732592,0.098898742
0.625095936,0.172862181,0.087466286,0.114575597
0.696786136,0.141655999,0.066042657,0.095515208
0.692132198,0.142722044,0.065965209,0.099180549
0.535158468,0.211891947,0.108550337,0.144399248
0.719850264,0.132596697,0.060337682,0.087215357
0.685010526,0.14549286,0.067207765,0.102288849
0.359995748,0.279469832,0.197570059,0.162964361
0.697274369,0.141054761,0.065433616,0.096237255
0.684889492,0.145533889,0.067235378,0.102341241
0.730497156,0.127808004,0.057100805,0.084594035
0.517276139,0.207463164,0.090762393,0.184498304
0.306219937,0.270037423,0.182953566,0.240789073
0.719838545,0.136306752,0.060666817,0.083187885
0.556164521,0.210641143,0.101673234,0.131521102
0.538391124,0.218200666,0.106940898,0.136467312
0.744934871,0.122985729,0.055066496,0.077012903
0.599053967,0.18987636,0.089197901,0.121871772
0.240926874,0.276704064,0.123103361,0.359265701
0.194802077,0.270156987,0.171742819,0.363298117
0.170214539,0.322271268,0.252071534,0.255442659
0.21663219,0.285848973,0.125781782,0.371737055
0.201192838,0.280529296,0.146827252,0.371450614
0.185875547,0.281865527,0.199933998,0.332324927
0.312105523,0.286373107,0.103577813,0.297943557
0.229182579,0.306634219,0.170138675,0.294044528
0.210629157,0.29622086,0.190980315,0.302169668
0.207984241,0.288968224,0.270957166,0.23209037
0.363091209,0.273932221,0.101227585,0.261748985
0.242930101,0.312752972,0.168184429,0.276132499
0.214944914,0.272067543,0.140571166,0.372416377
0.230269114,0.275362999,0.307130032,0.187237855
0.222605295,0.265642327,0.315558564,0.196193814
0.309705171,0.293522079,0.233202055,0.163570694
0.188626181,0.251034673,0.358694823,0.201644323
0.228478096,0.269545776,0.305167064,0.196809065
0.265800992,0.295225384,0.261582918,0.177390706
0.244160973,0.271498742,0.271862183,0.212478102
0.270859206,0.302514774,0.255723243,0.170902778
0.14842044,0.24142971,0.157856251,0.452293598
0.137138357,0.228146806,0.132314007,0.50240083
0.148372049,0.244674811,0.166317544,0.440635597
0.14886762,0.249646334,0.167998729,0.433487317
0.136882659,0.218572094,0.126274057,0.518271189
0.161822589,0.255267339,0.195592315,0.387317757
0.162500914,0.252471636,0.152594198,0.432433252
0.155833731,0.249234237,0.173911661,0.421020372
0.172678463,0.262362331,0.188092106,0.3768671
0.154968432,0.229353236,0.115085221,0.500593111
0.089652824,0.171010946,0.08059204,0.65874419
0.098838942,0.174612848,0.08222109,0.64432712
0.15253398,0.203434463,0.072396651,0.571634905
0.103912063,0.185323256,0.091475819,0.619288862
0.095116729,0.259355915,0.13831615,0.507211206
0.097374274,0.169093529,0.082367457,0.651164741
0.118622525,0.193650127,0.074898954,0.612828394
0.100626179,0.254015644,0.133542898,0.511815279
0.11180042,0.18129461,0.089463561,0.617441409
0.11591736,0.182262869,0.066986709,0.634833062
0.109155275,0.220302793,0.114961302,0.55558063
0.085784779,0.169891586,0.067408613,0.676915022
0.099910391,0.190202976,0.090323059,0.619563573
0.092724745,0.165648488,0.064521839,0.677104928
0.088985725,0.173731104,0.087337818,0.649945353
0.09249075,0.169446648,0.083718137,0.654344465
0.135400943,0.192379599,0.071876043,0.600343416
0.106383744,0.196335692,0.103534718,0.593745847
0.119933213,0.179435304,0.064552017,0.636079466
0.110418208,0.201455319,0.107116557,0.581009917
0.119333006,0.205733516,0.11024575,0.564687728
0.116801597,0.17649122,0.064221667,0.642485516
0.088880383,0.16477241,0.065582822,0.680764385
0.093457907,0.154499101,0.056353056,0.695689936
0.159787034,0.256046347,0.157122577,0.427044042
0.11985167,0.190998165,0.100057847,0.589092318
0.131212811,0.211015829,0.135893441,0.521877919
0.151304922,0.223383636,0.155743162,0.469568281
0.13442829,0.209475468,0.513722006,0.142374237
0.136031418,0.230348323,0.473413518,0.160206742
0.156357566,0.236119842,0.430944029,0.176578564
0.17952379,0.272256417,0.402744024,0.145475769
0.153813902,0.243127259,0.461265562,0.141793276
0.123552111,0.223781707,0.513200473,0.139465709
0.128559454,0.208461465,0.533763106,0.129215975
0.126474962,0.20262344,0.540941697,0.1299599
0.12639965,0.203611087,0.543769687,0.126219577
0.134545081,0.210336103,0.515631085,0.13948773
0.098188739,0.172342247,0.63922914,0.090239875
0.10300608,0.173122282,0.628220346,0.095651292
0.104819212,0.173387778,0.618890734,0.102902276
0.113041869,0.191224748,0.579655044,0.116078339
0.199212065,0.260661759,0.373002022,0.167124154
0.267440172,0.299499614,0.27934732,0.153712895
0.129463854,0.209707162,0.512167989,0.148660995
0.143260901,0.222737133,0.458386181,0.175615784
0.133874947,0.212443533,0.518376705,0.135304815
0.137091133,0.213772233,0.517471936,0.131664698
0.121208174,0.20106188,0.556912574,0.120817372
0.114807266,0.195766279,0.55148394,0.137942515
0.133346294,0.247872485,0.498237674,0.120543548
0.153789887,0.231178325,0.477606517,0.137425271
0.168856862,0.240914372,0.418224161,0.172004606
0.144151509,0.222665678,0.492592672,0.140590142
0.147669662,0.229612174,0.469804699,0.152913466
0.112763002,0.191966393,0.573883255,0.121387351
0.13869385,0.25669884,0.447513156,0.157094154
0.125861697,0.20546961,0.515145553,0.15352314
0.163925229,0.241712595,0.392494193,0.201867983
0.135510464,0.21475229,0.491520709,0.158216537
0.164618336,0.234228671,0.450732665,0.150420328
0.196105518,0.258195064,0.398379261,0.147320157
0.104010983,0.190169305,0.582815692,0.12300402
0.168202957,0.231850106,0.402489774,0.197457162
0.111592766,0.188235088,0.575367851,0.124804295
0.151523386,0.232534448,0.422550441,0.193391725
0.179758574,0.240037825,0.440755493,0.139448107
0.115786328,0.196017757,0.553302741,0.134893174
0.154074732,0.227680107,0.433813648,0.184431513
0.142875191,0.221801771,0.477318632,0.158004407
0.142508578,0.23870283,0.464511474,0.154277118
0.153327287,0.236495129,0.436093248,0.174084337
0.160505103,0.244059007,0.397415601,0.198020289
0.166442363,0.242552362,0.379499917,0.211505358
0.150260132,0.219836334,0.475802418,0.154101117
0.160771643,0.225361709,0.436818478,0.17704817
0.1578384,0.237821405,0.402727224,0.201612971
0.163835502,0.234558758,0.443010544,0.158595195
0.166467677,0.233978289,0.424078203,0.175475831
0.175586937,0.240650232,0.408878515,0.174884315
0.176720051,0.239444672,0.398438426,0.185396852
0.1474338,0.22194362,0.484839077,0.145783503
0.149988112,0.21965147,0.473319755,0.157040664
0.192265549,0.315325978,0.317715564,0.174692909
0.140641345,0.228039428,0.508349781,0.122969446
0.143965684,0.222792431,0.473054495,0.160187389
0.135571087,0.210393897,0.513480631,0.140554385
0.09913959,0.167747153,0.643777378,0.089335879
0.151253154,0.222531567,0.464550504,0.161664775
0.180662841,0.243870572,0.428222401,0.147244186
0.089883677,0.162566096,0.653974302,0.093575925
0.11089241,0.187313419,0.591790732,0.110003439
0.151652985,0.2389946,0.440390504,0.168961911
0.134109662,0.218148421,0.519450081,0.128291835
0.158661482,0.234556251,0.410901779,0.195880488
0.213406069,0.300565415,0.3084656,0.177562915
0.140583372,0.218075897,0.494357811,0.14698292
0.15568748,0.239444782,0.420213777,0.18465396
0.1624645,0.239614551,0.427411544,0.170509405
0.195252903,0.267228828,0.333403118,0.204115151
0.185599257,0.259603014,0.338004742,0.216792987
0.256618487,0.268450444,0.293811394,0.181119675
0.256904371,0.269356666,0.292509643,0.18122932
0.267131323,0.271270071,0.284667221,0.176931386
0.163433786,0.261283513,0.371969109,0.203313592
0.132005105,0.226095416,0.485731016,0.156168463
0.29254804,0.278710963,0.256578594,0.172162403
0.17003897,0.247620114,0.375150247,0.207190669
0.156289396,0.256204234,0.408131288,0.179375081
0.531634722,0.227762572,0.123081899,0.117520807
0.393419863,0.269649818,0.188539824,0.148390495
0.153345927,0.229342781,0.439103917,0.178207376
0.158022579,0.255943241,0.377028807,0.209005373
0.153039253,0.258847455,0.425680302,0.16243299
0.149367684,0.25269307,0.421245508,0.176693737
0.263216935,0.266083743,0.297969921,0.1727294
0.24495247,0.276991698,0.295511108,0.182544724
0.740167592,0.126006763,0.055671934,0.078153712
0.713700019,0.134762866,0.060634046,0.09090307
0.320044905,0.382630789,0.157586522,0.139737784
0.180106723,0.245870018,0.40475321,0.169270049
0.163918726,0.229787195,0.442222086,0.164071992
0.600676676,0.213412956,0.086680078,0.09923029
0.238121006,0.26986906,0.304318138,0.187691795
0.249698959,0.271973261,0.30628102,0.17204676
0.536886662,0.237969424,0.106184153,0.11895976
0.21769005,0.274476041,0.30859205,0.199241859
0.293198085,0.277281862,0.262578209,0.166941844
0.29829886,0.28099992,0.245648745,0.175052475
0.171536642,0.23684266,0.444779457,0.146841241
0.167238142,0.240812114,0.450392327,0.141557418
0.222623932,0.261520245,0.344692868,0.171162956
0.264873668,0.268440588,0.282798773,0.183886972
0.264669197,0.26847755,0.283004437,0.183848816
0.278625995,0.273423188,0.265870313,0.182080505
0.289931568,0.283098402,0.269870482,0.157099548
0.32129692,0.276982862,0.235965406,0.165754811
0.327659959,0.274098843,0.232844432,0.165396765
0.340728965,0.27626289,0.228648604,0.154359542
0.301610326,0.273437638,0.274634099,0.150317937
0.299343385,0.278851195,0.251961468,0.169843952
0.74229065,0.135964529,0.055721663,0.066023158
0.407797059,0.299806061,0.166391931,0.126004949
0.17156697,0.304743602,0.349612278,0.17407715
0.142322185,0.284711207,0.399694697,0.173271911
0.145179725,0.347904047,0.257031444,0.249884783
0.140792962,0.319232595,0.243554693,0.29641975
0.145117063,0.277322315,0.097493553,0.480067069
0.124479037,0.308534741,0.094282453,0.472703768
0.130401016,0.336945875,0.097508276,0.435144832
0.129374826,0.308249857,0.140952486,0.42142283
0.146433791,0.360364235,0.176139086,0.317062888
0.152863417,0.355012857,0.200232987,0.291890739
0.162606222,0.34057505,0.224204626,0.272614103
0.159527691,0.322915639,0.241883251,0.275673419
0.159732642,0.281929289,0.385408718,0.172929351
0.091443395,0.151997533,0.068071219,0.688487853
0.08695462,0.148660048,0.066325786,0.698059547
0.098662856,0.15863448,0.072336654,0.67036601
0.08946722,0.147425586,0.064164839,0.698942355
0.092656002,0.153088521,0.069197432,0.685058045
0.090557103,0.145911006,0.060229361,0.70330253
0.106418461,0.205321739,0.099786795,0.588473005
0.110131505,0.212307358,0.104671405,0.572889731
0.105732903,0.200024761,0.0969011,0.597341236
0.101691229,0.195901046,0.091155859,0.611251867
0.103409017,0.201069009,0.097616839,0.597905135
0.092020536,0.179360666,0.076745501,0.651873298
0.123006944,0.193619686,0.108826142,0.574547228
0.117047727,0.195622071,0.116307572,0.57102263
0.118234387,0.203212671,0.123978789,0.554574152
0.119087075,0.207464221,0.127876914,0.54557179
0.119437663,0.209738998,0.12943653,0.54138681
0.119638509,0.20941798,0.127612084,0.543331428
0.131355102,0.192386837,0.082045049,0.594213012
0.092314331,0.154163394,0.07558063,0.677941644
0.090374564,0.149338958,0.06567834,0.694608138
0.094925317,0.156161747,0.07422664,0.674686296
0.083530371,0.145728588,0.074596826,0.696144215
0.128223565,0.206124114,0.130528007,0.535124313
0.103657058,0.177364673,0.103825105,0.615153164
0.087708363,0.149758931,0.07650328,0.686029425
0.100529687,0.169415765,0.089835237,0.640219311
0.091800641,0.153525662,0.077974427,0.67669927
0.105037546,0.165074808,0.068282984,0.661604662
0.111651833,0.170928405,0.08079256,0.636627202
0.133273672,0.193519055,0.101466214,0.571741059
0.115473581,0.177603773,0.090540891,0.616381755
0.108450731,0.184662807,0.113208869,0.593677592
0.096789377,0.156028073,0.064433896,0.682748653
0.081811352,0.143520396,0.073486933,0.70118132
0.077590087,0.136102536,0.067106344,0.719201033
0.123707046,0.180101539,0.083126328,0.613065087
0.123448232,0.200847583,0.122109233,0.553594953
0.088330248,0.15087558,0.077910781,0.682883391
0.28712692,0.305179498,0.209434531,0.198259051
0.173907251,0.25107907,0.362559927,0.212453753
0.3489105,0.284039124,0.151680475,0.2153699
0.479600717,0.235752599,0.151864089,0.132782595
0.268356658,0.276058315,0.280693201,0.174891826
0.394875505,0.281922898,0.146514518,0.176687078
0.378220884,0.299738901,0.134502844,0.187537371
0.521912424,0.244823835,0.11252746,0.120736281
0.655265644,0.175395485,0.071280559,0.098058312
0.707122823,0.146652433,0.06270357,0.083521174
0.661052778,0.187775872,0.074950703,0.076220647
0.688474413,0.150974308,0.067858189,0.092693089
0.8244347,0.08820738,0.037670185,0.049687735
0.463119016,0.247464859,0.134594665,0.154821461
0.576538652,0.208767114,0.096569481,0.118124754
0.752067653,0.1242514,0.053868165,0.069812782
0.569744543,0.216266827,0.098483498,0.115505133
0.752670913,0.12664209,0.053603332,0.067083665
0.366179733,0.294120626,0.174386511,0.16531313
0.355844064,0.303437257,0.180110527,0.160608151
0.368198166,0.284659926,0.179969739,0.167172169
0.587577203,0.216033769,0.092417578,0.10397145
0.575253373,0.22920008,0.095254486,0.100292061
0.757294735,0.121039412,0.049142147,0.072523706
0.173159878,0.234773901,0.387315721,0.2047505
0.158948472,0.250777001,0.427377838,0.16289669
0.156986123,0.264955734,0.409164432,0.168893711
0.145656552,0.22173668,0.494168461,0.138438307
0.164758073,0.229527493,0.433401578,0.172312856
0.145558548,0.269680602,0.452199719,0.132561131
0.128180179,0.200564973,0.527969421,0.143285427
0.095091969,0.169099406,0.638224172,0.097584452
0.119912845,0.190768424,0.557284839,0.132033892
0.133024315,0.214231593,0.48640936,0.166334732
0.159849049,0.246367415,0.384629592,0.209153943
0.168667793,0.252247599,0.387555765,0.191528844
0.169552372,0.279079984,0.352921736,0.198445909
0.106448179,0.196830107,0.581248429,0.115473286
0.139105478,0.278659775,0.447219982,0.135014765
0.160445434,0.251743377,0.395717937,0.192093252
0.157099688,0.244921099,0.424080793,0.173898419
0.13331658,0.232115147,0.500959424,0.13360885
0.191347456,0.258766933,0.351229419,0.198656192
0.469079772,0.285410371,0.12834444,0.117165417
0.313836792,0.280553535,0.238235173,0.1673745
0.334133408,0.295021088,0.196359606,0.174485899
0.297333785,0.288775872,0.199029131,0.214861212
0.304042039,0.292454915,0.196902825,0.206600221
0.338322324,0.298200931,0.178643288,0.184833458
0.319121058,0.29739687,0.191178533,0.192303539
0.14040535,0.355391469,0.254184226,0.250018954
0.366950462,0.311329289,0.156844279,0.16487597
0.230421657,0.320725631,0.306609561,0.14224315
0.38362136,0.264850623,0.164846462,0.186681556
0.559565888,0.227148294,0.094059373,0.119226446
0.396618725,0.276826646,0.151938054,0.174616574
0.386964444,0.284654857,0.157373491,0.171007208
0.600511068,0.207490548,0.081273841,0.110724543
0.214369891,0.293497855,0.297490742,0.194641512
0.184576082,0.259070098,0.371734536,0.184619285
0.12336188,0.201322343,0.547975496,0.127340281
0.253715149,0.345440585,0.230026593,0.170817673
0.096019241,0.200592411,0.591074891,0.112313457
0.159504162,0.240782901,0.403976822,0.195736116
0.157568261,0.238852776,0.429142736,0.174436227
0.141226482,0.308974628,0.375743329,0.174055561
0.172469613,0.233794417,0.424337122,0.169398848
0.176251859,0.235125422,0.409782773,0.178839946
0.182348662,0.274977556,0.366257119,0.176416663
0.159080527,0.241971155,0.439849747,0.159098571
0.371395858,0.318424219,0.171659175,0.138520748
0.416472556,0.289980353,0.107918232,0.18562886
0.411698528,0.28731634,0.129043963,0.171941169
0.760249246,0.122702415,0.047970323,0.069078017
0.36365365,0.339620149,0.143044098,0.153682103
0.271275937,0.306101735,0.192663471,0.229958858
0.826279633,0.088961773,0.037816795,0.046941799
0.367171782,0.267708114,0.180375899,0.184744205
0.301005272,0.333320801,0.215299347,0.150374581
0.112059303,0.204757868,0.582572774,0.100610055
0.139297275,0.214929791,0.4865226,0.159250334
0.145403279,0.228374315,0.456701678,0.169520729
0.129621115,0.224671857,0.487979682,0.157727346
0.153169337,0.227971884,0.442162387,0.176696391
0.156277628,0.241633817,0.48152862,0.120559935
0.332932758,0.282638749,0.238956992,0.1454715
0.423526484,0.284512842,0.141554113,0.150406561
0.377934533,0.277243139,0.165085812,0.179736516
0.257774024,0.269794759,0.281271828,0.19115939
0.336268934,0.292513352,0.185066769,0.186150944
0.147332321,0.218542426,0.491490588,0.142634665
0.153315043,0.221573775,0.47073696,0.154374221
0.123019399,0.218270431,0.509966909,0.148743262
0.143298085,0.223294137,0.482182578,0.1512252
0.17906657,0.277865205,0.342293945,0.200774279
0.166101968,0.239110289,0.408706567,0.186081176
0.310018792,0.299946311,0.179809915,0.210224981
0.468685049,0.273885131,0.115737137,0.141692684
0.309024363,0.318846372,0.180371181,0.191758085
0.776319872,0.113291252,0.048927417,0.061461459
0.276166097,0.318577315,0.215630389,0.189626199
0.182188459,0.277903225,0.365903903,0.174004412
0.212878747,0.303172945,0.346278481,0.137669826
0.212664361,0.312779515,0.304479912,0.170076212
0.331096503,0.314215062,0.152861338,0.201827097
0.202608925,0.251868996,0.369007397,0.176514683
0.310816209,0.297781977,0.192921254,0.19848056
0.312441612,0.2901316,0.197045756,0.200381032
0.129164994,0.213646269,0.50331892,0.153869818
0.23904286,0.286407556,0.284466394,0.19008319
0.423465809,0.257943843,0.138356352,0.180233996
0.252970236,0.301950299,0.233734877,0.211344588
0.385516503,0.283946097,0.155298876,0.175238524
0.22806543,0.298216012,0.216610837,0.257107721
0.361776452,0.286406402,0.187874798,0.163942348
0.352006429,0.292775543,0.194234248,0.16098378
0.321698096,0.27204455,0.225050542,0.181206813
0.278928416,0.27319809,0.24931179,0.198561704
0.624855137,0.186432127,0.079275726,0.10943701
0.275629056,0.274606172,0.253108902,0.19665587
0.138309829,0.325215092,0.371730117,0.164744962
0.460562834,0.262095293,0.124062846,0.153279028
0.769645707,0.126944752,0.047939163,0.055470378
0.762650002,0.127490879,0.049742266,0.060116853
0.23411208,0.302984811,0.262570235,0.200332875
0.502483648,0.246094516,0.147509629,0.103912206
0.534945077,0.219853521,0.107950668,0.137250734
0.779876225,0.115719108,0.049245417,0.05515925
0.357341939,0.287819665,0.208955476,0.14588292
0.401994628,0.262632708,0.164881648,0.170491015
0.656716079,0.177662741,0.070824608,0.094796572
0.409375788,0.272999536,0.146721556,0.17090312
0.6918167,0.144667935,0.065861244,0.097654121
0.765398494,0.122669204,0.048343394,0.063588908
0.311252712,0.319755031,0.188487828,0.18050443
0.568448852,0.212213311,0.107739673,0.111598163
0.132287362,0.237944724,0.469271299,0.160496615
0.48708344,0.255130091,0.129312524,0.128473944
0.336253574,0.291497544,0.223238356,0.149010526
0.54132824,0.225573305,0.113547631,0.119550824
0.66126787,0.169656308,0.076049297,0.093026525
0.227901027,0.274370492,0.299683072,0.19804541
0.184400185,0.26387995,0.3481897,0.203530166
0.439116992,0.271155532,0.149952716,0.139774759
0.498026569,0.254960988,0.123972742,0.123039701
0.480896266,0.266923377,0.129872783,0.122307574
0.680909779,0.167927589,0.072027549,0.079135084
0.627236176,0.195990945,0.088548469,0.08822441
0.65949861,0.187640729,0.073778764,0.079081897
0.18816279,0.28941329,0.15300644,0.36941748
0.16098704,0.283981334,0.335760336,0.21927129
0.647133882,0.181446013,0.081274312,0.090145793
0.322936688,0.270987209,0.217361522,0.188714581
0.312366693,0.27068927,0.225663542,0.191280495
0.323850444,0.271925941,0.219281326,0.18494229
0.320357873,0.291791472,0.192453706,0.195396949
0.529686117,0.228868808,0.115369126,0.126075949
0.527494563,0.232559476,0.117492009,0.122453952
0.157917948,0.244669102,0.433959759,0.163453191
0.230294064,0.296857208,0.286477481,0.186371247
0.326860088,0.289711632,0.16152354,0.22190474
0.493747339,0.247182726,0.134435624,0.124634311
0.482670804,0.265089537,0.121900699,0.13033896
0.496574642,0.252231471,0.116995482,0.134198405
0.574063384,0.20819343,0.093866254,0.123876932
0.56752334,0.214564017,0.099059138,0.118853505
0.350888112,0.276002881,0.192989209,0.180119797
0.361163831,0.289197957,0.17768865,0.171949562
0.368327184,0.283194891,0.173431244,0.175046681
0.161430912,0.236482889,0.409346024,0.192740175
0.360158161,0.288481857,0.196467195,0.154892787
0.411452726,0.268199128,0.157925921,0.162422225
0.50444432,0.242636411,0.117598496,0.135320774
0.328273628,0.292154953,0.192330112,0.187241307
0.305321535,0.282108031,0.239111077,0.173459358
0.477049089,0.244648318,0.123629999,0.154672594
0.28223843,0.297777094,0.213435035,0.206549441
0.315842429,0.29813521,0.195288748,0.190733613
0.345149835,0.293789139,0.178271632,0.182789394
0.346323029,0.298399061,0.179018941,0.176258969
0.33603571,0.273678646,0.189908047,0.200377597
0.332966803,0.276192462,0.19232621,0.198514524
0.344213729,0.276030838,0.19910898,0.180646453
0.378525404,0.272866602,0.162958513,0.185649481
0.393952755,0.266356163,0.158890824,0.180800257
0.357637552,0.279810327,0.180209237,0.182342883
0.169354152,0.251117187,0.35722323,0.222305431
0.26992596,0.301063499,0.237411975,0.191598566
0.305809142,0.293249167,0.203748899,0.197192792
0.301086495,0.297040718,0.207597873,0.194274914
0.364402564,0.272204538,0.173044132,0.190348765
0.313729249,0.278127049,0.200529032,0.207614671
0.315132808,0.276819864,0.199291115,0.208756213
0.32751369,0.274876466,0.196566059,0.201043785
0.309769034,0.277845695,0.211606217,0.200779054
0.254463844,0.278785974,0.243561157,0.223189025
0.266778097,0.273689364,0.250002845,0.209529694
0.316737036,0.274944849,0.199282253,0.209035862
0.307689117,0.275342191,0.201957316,0.215011376
0.297067811,0.2762177,0.212309,0.21440549
0.276570092,0.278709436,0.227611571,0.2171089
0.240708804,0.26788809,0.275128591,0.216274516
0.238866749,0.268447038,0.277925369,0.214760844
