C1,C2,C3,C4,C5
0.213749713,0.213749592,0.125774634,0.359492125,0.087233936
0.236186702,0.236186566,0.16564277,0.196973295,0.165010667
0.217601607,0.217601304,0.137852456,0.314503588,0.112441046
0.210029891,0.210029757,0.174132675,0.151552112,0.254255565
0.24165848,0.241658249,0.142536241,0.250951719,0.123195311
0.21948683,0.219486652,0.168980803,0.234889711,0.157156004
0.118178074,0.118178079,0.076132753,0.645594931,0.041916163
0.099266257,0.099266046,0.060064827,0.697799352,0.043603517
0.085726137,0.085725962,0.051744306,0.740363841,0.036439754
0.091822563,0.091822432,0.059352784,0.717258737,0.039743485
0.227596933,0.227597813,0.219201451,0.248456459,0.077147343
0.217332844,0.217333697,0.254407481,0.209444919,0.10148106
0.211470893,0.211471698,0.268257396,0.231027167,0.077772846
0.229745242,0.229745908,0.219718648,0.208320884,0.112469319
0.226150234,0.226150999,0.227725339,0.207161171,0.112812257
0.265894167,0.265895304,0.203575998,0.148466414,0.116168116
0.214865812,0.214865256,0.146540538,0.294160566,0.129567828
0.234501769,0.234500666,0.111987373,0.257963385,0.161046807
0.241920533,0.241921509,0.221000548,0.124712276,0.170445134
0.237841427,0.237842813,0.265526766,0.120067739,0.138721255
0.251084936,0.251086946,0.270742327,0.149426054,0.077659738
0.224506163,0.224508136,0.349187652,0.102037868,0.099760181
0.221700047,0.221702204,0.365594982,0.107110143,0.083892624
0.253382987,0.253385575,0.288061212,0.125830253,0.079339974
0.22480716,0.224808873,0.330172943,0.106723618,0.113487407
0.189670991,0.189672696,0.443073728,0.102227623,0.075354962
0.224253519,0.22425593,0.363464947,0.122632786,0.065392817
0.244088421,0.244090399,0.286775194,0.122118839,0.102927146
0.258833458,0.258835456,0.245850448,0.136050098,0.10043054
0.237406978,0.237408665,0.280470427,0.137881551,0.106832379
0.246597925,0.246599477,0.258486198,0.107533013,0.140783386
0.23009238,0.230093731,0.282345974,0.135843465,0.121624449
0.248799852,0.248801463,0.247405712,0.146089923,0.10890305
0.217503293,0.217504699,0.32352384,0.155081106,0.086387062
0.183080975,0.183082472,0.454472048,0.096579666,0.082784839
0.18363636,0.183637943,0.45628463,0.102575558,0.073865509
0.219398402,0.219400633,0.369845366,0.126050086,0.065305513
0.257990408,0.257993452,0.283482994,0.135721677,0.06481147
0.234464143,0.234467186,0.364792574,0.102407187,0.06386891
0.252100282,0.252101693,0.227860932,0.147450692,0.1204864
0.230279137,0.230281391,0.311226209,0.170585883,0.057627381
0.214113355,0.214115647,0.391786856,0.120651395,0.059332748
0.254412918,0.254415228,0.271719563,0.133364241,0.08608805
0.250124961,0.250126326,0.230843464,0.150573244,0.118332007
0.243188744,0.24319093,0.299030204,0.124303861,0.090286261
0.22951519,0.229517463,0.328503668,0.150340168,0.062123512
0.194790671,0.194793141,0.464776095,0.09182975,0.053810343
0.259604216,0.25960653,0.259888578,0.130507395,0.090393281
0.251941618,0.251943383,0.252175458,0.139210866,0.104728675
0.236490599,0.23649313,0.338412168,0.104186428,0.084417676
0.210152651,0.210154702,0.379077721,0.142250269,0.058364657
0.189395842,0.189398289,0.47956981,0.087173979,0.05446208
0.262012919,0.262015163,0.251314167,0.129726085,0.094931667
0.237512182,0.23751404,0.293317809,0.148244466,0.083411502
0.216838829,0.216840629,0.357453385,0.114448056,0.094419102
0.247878637,0.247881107,0.296452354,0.127280761,0.080507141
0.193904177,0.193906097,0.438596235,0.107801039,0.065792452
0.249066253,0.249066988,0.216746498,0.156875341,0.128244921
0.244282351,0.244283851,0.259972979,0.123502354,0.127958465
0.221427297,0.22142803,0.248603476,0.127524442,0.181016755
0.181259499,0.181261728,0.5014453,0.087798058,0.048235414
0.176382777,0.176384341,0.49306759,0.0836759,0.070489393
0.194407614,0.19440936,0.423929478,0.118422785,0.068830762
0.159847668,0.159849213,0.539151833,0.080345747,0.060805539
0.228318047,0.228319837,0.338155193,0.114487826,0.090719097
0.164104274,0.164105822,0.525884738,0.084364387,0.061540779
0.193549822,0.193551539,0.446584863,0.081437468,0.084876308
0.172776909,0.172778356,0.483021426,0.102624956,0.068798353
0.183839073,0.183840746,0.471751093,0.082557812,0.078011275
0.209696847,0.209698417,0.38856954,0.091160773,0.100874423
0.1906954,0.190697091,0.454250623,0.082419142,0.081937744
0.172119303,0.172120989,0.510876942,0.079134688,0.065748078
0.176760423,0.176761905,0.484002492,0.09340008,0.069075099
0.177889607,0.177890953,0.455869754,0.114197939,0.074151748
0.167991016,0.167992374,0.493273909,0.099405849,0.071336852
0.246735623,0.246738029,0.321108879,0.108780132,0.076637337
0.205995763,0.205997495,0.402403483,0.105128102,0.080475157
0.219004943,0.219006731,0.343731314,0.126671327,0.091585685
0.207820093,0.207821539,0.361228501,0.112961233,0.110168633
0.243579816,0.24358089,0.226802303,0.146050893,0.139986098
0.251694068,0.251696035,0.254026363,0.157355671,0.085227864
0.19925393,0.199255186,0.365962963,0.140995988,0.094531933
0.19219821,0.19219938,0.388749258,0.128444936,0.098408216
0.232996825,0.232998704,0.30618715,0.133548089,0.094269232
0.22980401,0.229805319,0.27703006,0.14138384,0.121976771
0.212745662,0.212748395,0.411216229,0.110125776,0.053163938
0.189334451,0.189336853,0.477796729,0.085702811,0.057829156
0.240915625,0.240918755,0.347591539,0.106199708,0.064374373
0.236057814,0.236060287,0.335644708,0.104013101,0.08822409
0.115183797,0.115183667,0.072080127,0.648951355,0.048601054
0.166872326,0.16687211,0.098421886,0.495526295,0.072307383
0.162739386,0.162739019,0.08454692,0.522101382,0.067873293
0.150769079,0.150768619,0.070148448,0.569786397,0.058527457
0.162278455,0.162278067,0.085815899,0.519611307,0.070016272
0.103785828,0.10378569,0.063605031,0.6858279,0.042995552
0.110292043,0.110291784,0.059635765,0.67546861,0.044311798
0.197662199,0.197662095,0.10769412,0.41527809,0.081703496
0.11814199,0.118141842,0.073859656,0.638658555,0.051197957
0.103506748,0.10350662,0.065581491,0.683135345,0.044269796
0.120518846,0.120518692,0.07481795,0.631849915,0.052294597
0.101002639,0.101002465,0.059417981,0.696565846,0.042011068
0.245805639,0.245806427,0.209347441,0.18307973,0.115960762
0.229544574,0.229544991,0.200339589,0.146270069,0.194300778
0.234650484,0.234651198,0.223453857,0.152479508,0.154764952
0.236417146,0.236417411,0.192017712,0.158128929,0.177018801
0.228740511,0.228740956,0.209069354,0.162190377,0.171258802
0.216895233,0.216896153,0.296561335,0.147375889,0.122271389
0.230080684,0.230081237,0.215868878,0.15004817,0.173921031
0.261133745,0.261134009,0.165090419,0.199896018,0.112745809
0.226174423,0.226174922,0.212273182,0.149442618,0.185934855
0.23096133,0.230961789,0.199463786,0.156882189,0.181730905
0.229320784,0.229321257,0.213654357,0.150206653,0.177496949
0.257738576,0.257738642,0.160946283,0.193142974,0.130433524
0.240434089,0.24043412,0.184514544,0.172564352,0.162052894
0.279329109,0.279331828,0.234350443,0.129707347,0.077281274
0.067938845,0.067938653,0.036715345,0.801324104,0.026083053
0.073876026,0.073875852,0.042800486,0.778869559,0.030578077
0.214251426,0.214251148,0.170480743,0.211739536,0.189277147
0.219292703,0.219291656,0.111737373,0.321085554,0.128592713
0.071040848,0.071040624,0.03543626,0.795987148,0.026495119
0.212261944,0.212261094,0.138117403,0.176081964,0.261277594
0.054663489,0.054663338,0.030593802,0.83815282,0.021926551
0.0572683,0.05726816,0.032667723,0.830004904,0.022790913
0.076996707,0.07699646,0.04275752,0.771068089,0.032181224
0.073836343,0.073836052,0.038210366,0.783461559,0.03065568
0.079437894,0.079437529,0.039155514,0.769152733,0.03281633
0.223209137,0.223208354,0.144285381,0.251530363,0.157766764
0.201862394,0.201861392,0.120437426,0.121819623,0.354019166
0.193155495,0.193154346,0.105653328,0.117380278,0.390656552
0.179273524,0.179272697,0.096460084,0.455515174,0.089478521
0.094042157,0.094041905,0.050885443,0.724034601,0.036995894
0.193157843,0.193159321,0.406631569,0.12767445,0.079376816
0.213005256,0.213006677,0.340737708,0.132233158,0.101017201
0.214803519,0.214804814,0.324740453,0.125612925,0.120038289
0.213744379,0.213746389,0.373359498,0.121875335,0.077274399
0.162467132,0.162468853,0.535257585,0.078671183,0.061135246
0.215069448,0.215070777,0.325687337,0.135168584,0.109003854
0.210253481,0.210254798,0.339165105,0.131043969,0.109282646
0.197578231,0.197579718,0.394850918,0.123823743,0.08616739
0.207110068,0.207111273,0.338329015,0.133569391,0.113880253
0.193146289,0.193147619,0.394775322,0.1348936,0.08403717
0.201524296,0.201525519,0.358819417,0.132881614,0.105249154
0.208965496,0.208966807,0.341562963,0.136320463,0.104184271
0.198274312,0.198275637,0.377221653,0.136497652,0.089730746
0.207217694,0.207218842,0.332009489,0.14053603,0.113017945
0.194625892,0.19462731,0.39976128,0.122890068,0.088095449
0.199594036,0.199595268,0.367003817,0.123839365,0.109967514
0.190962789,0.1909642,0.410204349,0.12665449,0.081214172
0.17018484,0.170186156,0.483157817,0.103824459,0.072646727
0.188084903,0.188086298,0.420612628,0.116960384,0.086255786
0.182287008,0.182288351,0.436342317,0.117624896,0.081457429
0.208432309,0.208433801,0.359858465,0.127879286,0.09539614
0.196066637,0.196068121,0.397639314,0.128599659,0.081626268
0.233512911,0.233513701,0.172237591,0.289475918,0.071259879
0.274953397,0.27495465,0.151504434,0.203493197,0.095094322
0.228840515,0.228841152,0.221020202,0.141987381,0.17931075
0.229405872,0.229406847,0.251559332,0.141464655,0.148163295
0.228888519,0.228889472,0.251485817,0.140220842,0.15051535
0.177189261,0.177190743,0.464968135,0.10427093,0.076380931
0.203843992,0.203845439,0.371682194,0.125068974,0.095559401
0.179363437,0.179364917,0.45675799,0.112531335,0.071982321
0.195124515,0.195126188,0.408395309,0.130207344,0.071146645
0.174047331,0.174048956,0.485384934,0.100730979,0.0657878
0.196542796,0.196544222,0.391298351,0.129198187,0.086416444
0.192244493,0.192245789,0.39358256,0.137404239,0.084522919
0.193597084,0.193598695,0.418303649,0.115491069,0.079009503
0.239930667,0.239931409,0.201486509,0.17387076,0.144780655
0.242919969,0.242920789,0.201722194,0.173080383,0.139356665
0.233496644,0.233497755,0.245951043,0.156206748,0.13084781
0.232728821,0.232729764,0.234213373,0.161061488,0.139266554
0.239457695,0.239458884,0.238050099,0.156610019,0.126423304
0.239662118,0.239663314,0.238153199,0.156119847,0.126401521
0.2426589,0.242660227,0.237578635,0.157880941,0.119221298
0.243106319,0.243107144,0.2017885,0.172613853,0.139384184
0.243066725,0.243067899,0.227957911,0.158325128,0.127582336
0.239333773,0.239334789,0.224356929,0.161457408,0.135517101
0.239930667,0.239931409,0.201486509,0.17387076,0.144780655
0.234306987,0.234308122,0.24598046,0.154257717,0.131146714
0.232815689,0.232816634,0.234172847,0.160943958,0.139250872
0.224419368,0.224420572,0.285249294,0.136985661,0.128925104
0.224594082,0.224595299,0.285506663,0.136913568,0.128390389
0.195538521,0.195540246,0.410157101,0.129683043,0.069081089
0.17243842,0.172439976,0.487753521,0.097994862,0.069373221
0.249727028,0.249725782,0.129313768,0.225579158,0.145654265
0.260659968,0.260658763,0.131535709,0.207724222,0.139421338
0.205493346,0.205492628,0.125151967,0.35432424,0.109537819
0.244519045,0.244517984,0.133970645,0.241844739,0.135147587
0.122436462,0.122436314,0.07223398,0.640192806,0.042700439
0.204317734,0.2043171,0.11475,0.388632814,0.087982353
0.192190482,0.192190016,0.096799951,0.44058552,0.078234032
0.091085815,0.091085707,0.054091186,0.73079166,0.032945631
0.225978929,0.225978791,0.14965316,0.285098439,0.113290681
0.225640927,0.225640976,0.158939621,0.274533197,0.115245278
0.23218135,0.232180584,0.136961805,0.293980781,0.104695479
0.260641305,0.260639573,0.12066721,0.188689775,0.169362138
0.240543416,0.240542551,0.143625134,0.218234776,0.157054123
0.17636916,0.176368388,0.089745328,0.481979334,0.075537789
0.212198664,0.212197943,0.11111227,0.374707217,0.089783905
0.230358271,0.230358315,0.155097218,0.267023655,0.117162541
0.19190532,0.191904297,0.087763689,0.45177517,0.076651524
0.179835067,0.179834197,0.089577561,0.477570421,0.073182754
0.218299768,0.21829894,0.128503969,0.162284111,0.272613212
0.223397384,0.223396742,0.14602659,0.158301738,0.248877545
0.156929422,0.15692883,0.080555419,0.542035994,0.063550335
0.098890907,0.098891844,0.711948543,0.052994047,0.03727466
0.112019586,0.112020589,0.669869028,0.062462645,0.043628152
0.21987956,0.21987996,0.191143537,0.282803424,0.086293519
0.226967807,0.226968691,0.264458926,0.135536905,0.14606767
0.222718112,0.222719202,0.292985825,0.125369991,0.136206869
0.168005826,0.168006823,0.465171835,0.094998447,0.103817069
0.175554278,0.175555296,0.440831553,0.098987335,0.109071537
0.167167429,0.167168487,0.476324384,0.087448375,0.101891325
0.172930231,0.172931136,0.437687497,0.101547522,0.114903614
0.127909319,0.127910251,0.605770496,0.06904492,0.069365014
0.133804068,0.13380498,0.583456861,0.074569688,0.074364403
0.111408836,0.111409765,0.665245472,0.063636983,0.048298943
0.120653059,0.120653993,0.633353486,0.07168742,0.053652042
0.094236281,0.094237158,0.723597204,0.050171156,0.0377582
0.105596944,0.105597839,0.684979614,0.06009832,0.043727283
0.09313291,0.093133718,0.722485191,0.047571633,0.043676548
0.102723586,0.102724416,0.690022865,0.056182241,0.048346893
0.102933801,0.102934647,0.689391479,0.055814409,0.048925664
0.112274516,0.112275385,0.658145419,0.063298656,0.054006024
0.108001133,0.108002002,0.6730266,0.056910168,0.054060096
0.123643458,0.123644359,0.619155898,0.070681512,0.062874773
0.171787768,0.171788768,0.451461108,0.096351499,0.108610857
0.188927409,0.188928392,0.386969509,0.108749661,0.126425028
0.170995685,0.170996738,0.45910787,0.090568525,0.108331181
0.176255093,0.176256085,0.433462239,0.096955459,0.117071124
0.165516776,0.165517885,0.484708002,0.08447548,0.099781856
0.190861107,0.19086204,0.372344074,0.10918745,0.13674533
0.193552764,0.193553666,0.35877135,0.111453176,0.142669042
0.199597248,0.199598099,0.333473664,0.120807681,0.146523308
0.199088064,0.199088978,0.342742644,0.11757494,0.141505374
0.151482711,0.151483888,0.540517997,0.074279973,0.082235432
0.129493996,0.129494953,0.60216189,0.067442824,0.071406338
0.097102323,0.097103188,0.713064674,0.050163619,0.042566196
0.114139172,0.114140057,0.654289152,0.06134591,0.056085709
0.130442662,0.130443749,0.608718525,0.064141949,0.066253115
0.133100107,0.133101205,0.600064227,0.065443641,0.068290821
0.190654768,0.190655651,0.366772347,0.109363878,0.142553355
0.105197134,0.105198037,0.686488251,0.052096836,0.051019743
0.081274994,0.081274893,0.051703809,0.753044278,0.032702026
0.086448098,0.086447998,0.056195509,0.735292932,0.035615464
0.108466231,0.10846583,0.057096227,0.680910267,0.045061444
0.22354593,0.22354514,0.128393301,0.270140812,0.154374817
0.156664901,0.15666458,0.092850015,0.5242895,0.069531005
0.173353314,0.173352964,0.10364138,0.469991427,0.079660916
0.156851436,0.156851111,0.092719782,0.524049317,0.069528355
0.119383779,0.119383342,0.05953036,0.653283671,0.048418848
0.081605042,0.081604876,0.046611372,0.75877102,0.031407689
0.078155753,0.078155596,0.044906459,0.768479025,0.030303167
0.100079588,0.100079474,0.066991028,0.689039611,0.0438103
0.083501435,0.083501263,0.050214767,0.747172721,0.035609815
0.085029831,0.085029684,0.053107256,0.740467231,0.036365999
0.099569512,0.099569397,0.06667912,0.690558637,0.043623334
0.086380874,0.086380722,0.053681872,0.73662539,0.036931142
0.08546286,0.085462709,0.05309242,0.739497276,0.036484735
0.102069872,0.102069759,0.068968771,0.681932421,0.044959177
0.088997735,0.088997579,0.055629041,0.72798371,0.038391936
0.088997735,0.088997579,0.055629041,0.72798371,0.038391936
0.093951549,0.093951417,0.061164542,0.710052324,0.040880167
0.099569512,0.099569397,0.06667912,0.690558637,0.043623334
0.089893638,0.089893491,0.056871394,0.724511312,0.038830165
0.0838079,0.083807743,0.051434232,0.745152752,0.035797374
0.205691305,0.205690611,0.136185239,0.138079243,0.314353601
0.095801628,0.095801515,0.063419784,0.70382237,0.041154704
0.097167638,0.097167525,0.064708822,0.698879137,0.042076879
0.087370326,0.087370199,0.05604209,0.732228976,0.036988408
0.067060854,0.067060688,0.038584394,0.799542667,0.027751397
0.085966249,0.085966088,0.052713891,0.740496067,0.034857705
0.122764119,0.122763848,0.076335904,0.624284236,0.053851893
0.11009311,0.110092831,0.064315238,0.670997842,0.044500978
0.068975373,0.068975246,0.041508424,0.793041281,0.027499675
0.105351512,0.105351335,0.067564415,0.674415892,0.047316847
0.105351512,0.105351335,0.067564415,0.674415892,0.047316847
0.132069813,0.132069545,0.083745239,0.588518476,0.063596927
0.098597848,0.098597694,0.063598405,0.695553355,0.043652698
0.098572245,0.098572123,0.065655664,0.69392028,0.043279688
0.172920798,0.172920403,0.113163786,0.456888024,0.084106989
0.08833201,0.08833186,0.055473414,0.729837153,0.038025563
0.101223002,0.10122289,0.068252242,0.684873185,0.044428682
0.223263722,0.223262856,0.12321015,0.283182046,0.147081226
0.097356214,0.097356075,0.063599481,0.698792723,0.042895507
0.101265388,0.101265276,0.068297553,0.684718739,0.044453043
0.084148593,0.084148459,0.053179588,0.742941183,0.035582177
0.163376824,0.163376935,0.142731945,0.462614256,0.06790004
0.215481613,0.215481547,0.188678356,0.239635664,0.14072282
0.104692707,0.10469241,0.060751901,0.685984644,0.043878338
0.166841785,0.166841437,0.098841646,0.4919579,0.075517233
0.173376437,0.173376073,0.102888433,0.470697964,0.079661094
0.079070445,0.079070284,0.047128523,0.761276609,0.03345414
0.148251005,0.148250739,0.090860245,0.546886907,0.065751103
0.218993674,0.218994773,0.281450885,0.187371452,0.093189217
0.214325079,0.214325946,0.28964527,0.149815531,0.131888173
0.249922304,0.249922954,0.188807298,0.124260112,0.187087332
0.226176055,0.22617745,0.285500799,0.166901663,0.095244033
0.222120601,0.222121801,0.28917678,0.154696473,0.111884345
0.223001961,0.223002838,0.257995694,0.141412076,0.154587431
0.22538315,0.225384192,0.228451479,0.243221926,0.077559253
0.239140036,0.239140612,0.224345196,0.170215047,0.12715911
0.232122245,0.232122775,0.233895003,0.157347676,0.144512302
0.227832579,0.227832442,0.178807136,0.154469796,0.211058046
0.217397124,0.217397799,0.202262337,0.286732023,0.076210717
0.243962862,0.243963196,0.209913675,0.177530748,0.124629519
0.215465654,0.215466667,0.295690673,0.166345728,0.107031278
0.221043936,0.221043125,0.143772876,0.170613307,0.243526756
0.213430207,0.213429579,0.152263449,0.167168061,0.253708705
0.235324627,0.235323434,0.123461986,0.226871168,0.179018785
0.201599278,0.201598873,0.158018973,0.142674048,0.296108828
0.216384519,0.216383889,0.152196303,0.171525506,0.243509783
0.235659438,0.235658354,0.13436957,0.192223943,0.202088696
0.216354025,0.216353709,0.164365078,0.187238256,0.215688932
0.240387022,0.240385916,0.127797218,0.195556219,0.195873625
0.190961826,0.190962755,0.385431894,0.112831674,0.11981185
0.179790035,0.179791071,0.437020563,0.103605908,0.099792423
0.193881129,0.193882044,0.372810616,0.112879245,0.126546967
0.197874838,0.197875774,0.363616083,0.113094479,0.127538826
0.171695672,0.171696654,0.458082316,0.103236468,0.09528889
0.202645219,0.202645967,0.321142417,0.123729467,0.14983693
0.199420623,0.199421559,0.362364309,0.123708633,0.115084876
0.197344995,0.197345847,0.354130823,0.118781403,0.132396932
0.207839742,0.207840492,0.309090825,0.132225417,0.143003525
0.180696489,0.180697551,0.434111682,0.118004845,0.086489433
0.133748064,0.133749165,0.606574556,0.066337752,0.059590463
0.136114871,0.136115931,0.593797679,0.073103868,0.060867652
0.167845394,0.167846736,0.487731436,0.120250947,0.056325486
0.14802707,0.1480282,0.555971395,0.078624772,0.069348563
0.210304066,0.210306002,0.402092624,0.071416845,0.105880463
0.132874109,0.132875136,0.600150099,0.072664328,0.061436328
0.157953543,0.157954866,0.534798095,0.0917038,0.057589697
0.205783675,0.205785483,0.410159552,0.075689385,0.102581906
0.14330022,0.143301252,0.561816545,0.084226565,0.067355418
0.150833476,0.150834801,0.555118132,0.091093798,0.052119793
0.17784345,0.177844797,0.47378857,0.083137763,0.08738542
0.138736859,0.138738172,0.604977403,0.065949734,0.051597831
0.152434008,0.152435234,0.551036241,0.075607875,0.068486643
0.133431523,0.13343273,0.613602875,0.070564823,0.04896805
0.136406959,0.136408061,0.596218413,0.066052618,0.064913948
0.131528481,0.131529514,0.607134533,0.068046333,0.06176114
0.154001643,0.154002851,0.533785515,0.103773993,0.054435999
0.153785158,0.153786254,0.536206222,0.079032244,0.077190123
0.145681111,0.145682352,0.566578173,0.092600165,0.049458199
0.157738267,0.157739361,0.522549011,0.082083711,0.07988965
0.161217875,0.161218929,0.505988453,0.088986293,0.082588451
0.144449472,0.144450722,0.57057446,0.091032995,0.049492351
0.13162842,0.131629613,0.620376362,0.067104355,0.04926125
0.125220433,0.125221592,0.634733344,0.071818006,0.043006625
0.202499617,0.202500576,0.355043712,0.121510098,0.118445997
0.147242987,0.147243939,0.543286304,0.088403919,0.073822851
0.164584864,0.164585739,0.470306316,0.098075862,0.102447219
0.177105186,0.177105982,0.410108955,0.115367652,0.120312225
0.168725105,0.168724528,0.11052868,0.100640498,0.45138119
0.187613923,0.187613528,0.126128481,0.103890799,0.394753268
0.190277379,0.190277035,0.138267565,0.1192247,0.361953321
0.219452586,0.219451597,0.110827841,0.133961407,0.31630657
0.198071105,0.198070313,0.109858357,0.116261007,0.377739217
0.183415079,0.183414595,0.109208127,0.094247022,0.429715178
0.16825389,0.168253168,0.099406815,0.095055376,0.469030751
0.162973544,0.162972893,0.10006328,0.093650054,0.480340229
0.164296486,0.164295806,0.097102986,0.093874131,0.480430592
0.169293187,0.169292601,0.107743783,0.100440985,0.453229444
0.140915092,0.140914254,0.06952299,0.072860971,0.575786694
0.140840952,0.140840113,0.073533005,0.075867498,0.56891843
0.139080462,0.13907975,0.07853333,0.076718042,0.566588416
0.154325631,0.154324978,0.08935883,0.083933114,0.518057447
0.210717276,0.210716564,0.129281061,0.152628199,0.2966569
0.237906025,0.237904867,0.114912528,0.20033234,0.20894424
0.169751224,0.169750765,0.116509699,0.097884316,0.446103996
0.179768991,0.179768693,0.138394675,0.109157391,0.39291025
0.173606319,0.173605736,0.105752348,0.102242605,0.444792992
0.175460927,0.17546023,0.103159475,0.104687769,0.441231598
0.16726219,0.167261502,0.095838032,0.093532941,0.476105334
0.158703352,0.158702878,0.108005906,0.08611608,0.488471783
0.208203584,0.20820254,0.094814866,0.102849337,0.385929672
0.190660202,0.190659416,0.107955074,0.118807467,0.39191784
0.195013272,0.195012803,0.134942598,0.129749791,0.345281537
0.182929572,0.182928934,0.110779409,0.111212245,0.41214984
0.187763269,0.187762716,0.120359893,0.113492821,0.390621301
0.159802872,0.159802277,0.096530381,0.087150606,0.496713864
0.209731766,0.209731298,0.121081561,0.104828355,0.35462702
0.166123435,0.166123051,0.120337222,0.095088427,0.452327866
0.195432653,0.19543242,0.160158664,0.126025359,0.322950905
0.175327603,0.175327161,0.124877862,0.103431281,0.421036093
0.192283423,0.192282667,0.11788958,0.126412447,0.371131884
0.211431448,0.211430384,0.114363487,0.150164898,0.312609783
0.159325026,0.159324451,0.098156649,0.08003884,0.503155034
0.18668699,0.186686718,0.15644415,0.12926397,0.340918173
0.153819279,0.153818759,0.097607668,0.084490374,0.51026392
0.188223408,0.188223162,0.153335884,0.115987103,0.354230441
0.198436702,0.198435653,0.109429843,0.138280982,0.35541682
0.161499845,0.161499376,0.107208324,0.089055212,0.480737244
0.184296947,0.184296634,0.146434567,0.118248912,0.36672294
0.181998825,0.181998329,0.12566611,0.110369094,0.399967642
0.195714333,0.195713877,0.120766909,0.109746746,0.378058136
0.193170673,0.193170262,0.137911363,0.118315081,0.357432621
0.198190359,0.198190131,0.156698031,0.123900387,0.323021092
0.195332668,0.195332513,0.167691243,0.12773613,0.313907447
0.179896307,0.179895652,0.121440744,0.114507317,0.40425998
0.181511893,0.181511477,0.139115566,0.122249885,0.375611179
0.191797625,0.191797444,0.15949076,0.120907543,0.336006629
0.188919084,0.188918412,0.123270992,0.12273789,0.376153623
0.188058529,0.188058059,0.137372767,0.126034391,0.360476254
0.193489041,0.193488524,0.136111952,0.132970535,0.343939948
0.192334451,0.19233404,0.14499525,0.134462904,0.335873356
0.179207431,0.179206723,0.113282284,0.110107866,0.418195695
0.176673122,0.176672569,0.122509648,0.112733294,0.411411366
0.247423954,0.247423527,0.12823343,0.140840427,0.236078661
0.189181479,0.189180445,0.096315646,0.10680581,0.41851662
0.179386354,0.179385896,0.124887667,0.1085574,0.407782683
0.169063529,0.169062909,0.108676488,0.100816965,0.452380109
0.135811676,0.13581087,0.068331728,0.073032183,0.587013543
0.178906461,0.178905948,0.125753905,0.113647929,0.402785758
0.197622568,0.197621603,0.113896745,0.134923044,0.355936041
0.130039644,0.130039023,0.071070161,0.065667306,0.603183866
0.151586521,0.151585848,0.084776473,0.082660547,0.52939061
0.195398758,0.195398307,0.133024149,0.116485602,0.359693184
0.179162161,0.179161263,0.099983347,0.100535304,0.441157924
0.189687725,0.189687488,0.155592555,0.122125269,0.342906963
0.237150006,0.237149527,0.13238336,0.159071413,0.234245694
0.175948551,0.175948022,0.114443134,0.106195745,0.427464548
0.194728616,0.194728258,0.145699667,0.119256672,0.345586786
0.195405407,0.195404818,0.133485925,0.123618764,0.352085087
0.215253516,0.215253212,0.159224216,0.150936492,0.259332565
0.208439148,0.208439012,0.17029896,0.143104721,0.269718159
0.216134466,0.216133764,0.140148393,0.200379797,0.22720358
0.216802518,0.216801813,0.14010039,0.200437942,0.225857337
0.218244455,0.218243686,0.136357613,0.208375587,0.21877866
0.210291726,0.210291595,0.158044719,0.124515596,0.296856364
0.18671257,0.18671208,0.123471706,0.101287474,0.40181617
0.223375146,0.223374295,0.131474451,0.227604126,0.194171982
0.199942843,0.19994262,0.163750245,0.130541204,0.305823088
0.206824959,0.206824619,0.138482929,0.117921133,0.32994636
0.184360348,0.184359503,0.089511978,0.449054086,0.092714085
0.216547856,0.216546853,0.112580026,0.313148781,0.141176483
0.186359326,0.186358926,0.140426661,0.117107709,0.369747378
0.206334756,0.206334647,0.163026753,0.11996917,0.304334673
0.210703754,0.210703243,0.125574128,0.116178438,0.336840437
0.205144986,0.205144682,0.137462802,0.113830207,0.338417322
0.214935436,0.214934602,0.133728682,0.205113727,0.231287552
0.22198685,0.221986196,0.140093417,0.189143899,0.226789638
0.08289317,0.082892999,0.048858107,0.750827052,0.034528672
0.090223997,0.090223876,0.058172929,0.72290126,0.038477938
0.287804335,0.287803273,0.09665573,0.218526385,0.109210276
0.198657925,0.198657358,0.131688123,0.137494201,0.333502393
0.18639417,0.186393578,0.128318381,0.124528991,0.374364881
0.175713333,0.175712644,0.076453322,0.50587702,0.066243681
0.215792434,0.215791957,0.144851499,0.185022188,0.238541922
0.218579932,0.21857917,0.132338038,0.193620727,0.236882133
0.194141389,0.194140663,0.091171789,0.43980322,0.080742939
0.219914875,0.21991447,0.154417417,0.168143432,0.237609806
0.222903229,0.222902262,0.127699055,0.227333147,0.199162307
0.226072,0.226070987,0.1347055,0.224936617,0.188214896
0.193505981,0.193505201,0.114630201,0.131515444,0.366843173
0.198342663,0.198341786,0.110700675,0.128736594,0.363878283
0.211723199,0.211722427,0.132874066,0.172195464,0.271484844
0.215885504,0.215884838,0.142281238,0.207567212,0.218381207
0.215916968,0.215916302,0.142248385,0.207386647,0.218531698
0.219390196,0.219389493,0.140076938,0.217965687,0.203177687
0.227313189,0.227312063,0.11926276,0.222796165,0.203315823
0.221923497,0.221922597,0.126302153,0.251862355,0.177989397
0.219895616,0.219894717,0.126275842,0.257987008,0.175946818
0.221890621,0.221889548,0.117324269,0.266900103,0.171995459
0.22066119,0.220660007,0.114827382,0.23418598,0.20966544
0.22346762,0.223466741,0.129571443,0.23314103,0.190353165
0.114707041,0.114706482,0.051912933,0.675170445,0.043503099
0.244194209,0.244192252,0.094408717,0.293604849,0.123599973
0.243056712,0.243055876,0.130537066,0.124288235,0.259062112
0.230846519,0.230845692,0.131588223,0.102929638,0.303789927
0.267409637,0.26741044,0.179253122,0.10293333,0.182993471
0.249751447,0.249752531,0.217966538,0.102236599,0.180292885
0.227833012,0.227835332,0.356942903,0.111865732,0.075523021
0.248651812,0.248655061,0.336908741,0.09408259,0.071701796
0.266568231,0.266571974,0.297295707,0.096842032,0.072722057
0.244982158,0.244984487,0.307896667,0.096319827,0.105816861
0.274949641,0.274951763,0.220174444,0.104000035,0.125924117
0.270518861,0.270520529,0.206215014,0.109108376,0.143637219
0.261763673,0.261764898,0.195603226,0.117614956,0.163253248
0.250949845,0.250950864,0.202045552,0.116765433,0.179288305
0.224704646,0.224704124,0.130699619,0.117536117,0.302355493
0.114442379,0.114443315,0.656560919,0.065790212,0.048763175
0.111381014,0.111381943,0.667857782,0.062144018,0.047235243
0.120553463,0.120554411,0.634726487,0.071773397,0.052392241
0.110758643,0.110759566,0.668450803,0.064183672,0.045847316
0.115004837,0.115005764,0.653972908,0.066522285,0.049494206
0.11127295,0.111273905,0.667869202,0.065955328,0.043628616
0.166268053,0.166269446,0.509005803,0.082013388,0.07644331
0.171812585,0.171813993,0.491419432,0.084829866,0.080124124
0.160726075,0.160727388,0.524064978,0.080836328,0.073645231
0.157950212,0.157951561,0.536785837,0.077914801,0.069397589
0.162673297,0.162674673,0.520359442,0.079574925,0.074717662
0.145796711,0.145798067,0.578623522,0.070976991,0.058804709
0.149909791,0.149910734,0.527451047,0.091619216,0.081109212
0.151543518,0.151544472,0.52322408,0.086981011,0.086706919
0.158385961,0.158386946,0.502014298,0.088298972,0.092913823
0.162269113,0.162270118,0.490170487,0.089202172,0.09608811
0.164217578,0.164218592,0.484721299,0.089467824,0.097374707
0.164004371,0.164005395,0.486366784,0.089713123,0.095910327
0.156198884,0.156200048,0.522676286,0.10173053,0.063194252
0.118550187,0.118551115,0.63978307,0.067636542,0.055479086
0.112828513,0.112829448,0.661945223,0.065209754,0.047187062
0.117328163,0.117329074,0.643932767,0.0682028,0.053207195
0.10827213,0.10827298,0.671439085,0.05909754,0.052918265
0.160610888,0.160611788,0.484466411,0.095982339,0.098328574
0.13574117,0.135742083,0.576326938,0.075798858,0.076390951
0.112091973,0.112092837,0.658517169,0.062581187,0.054716835
0.128701251,0.128702176,0.604256895,0.072978883,0.065360795
0.115769208,0.115770087,0.646188176,0.066054733,0.056217796
0.133411617,0.133412736,0.600027512,0.080793745,0.052354391
0.130211916,0.130212852,0.599098622,0.081659633,0.058816977
0.151343524,0.151344451,0.520980922,0.100197754,0.076133349
0.137608119,0.137609061,0.571807084,0.0857633,0.067212437
0.142191889,0.1421928,0.551780072,0.079854659,0.08398058
0.124566236,0.124567302,0.628598888,0.073467089,0.048800484
0.10503651,0.105037336,0.681548366,0.057040919,0.05133687
0.098428968,0.098429766,0.703445161,0.0533934,0.046302706
0.13989253,0.1398935,0.566358219,0.092238998,0.061616754
0.156066106,0.15606703,0.50428954,0.092023683,0.091553641
0.11307934,0.113080206,0.654887297,0.063129043,0.055824115
0.238403796,0.238403602,0.148038085,0.219545482,0.155609036
0.201842408,0.201842267,0.166719496,0.133098482,0.296497347
0.226236306,0.226236219,0.163354402,0.269290307,0.114882767
0.192345339,0.192344418,0.102660469,0.396060594,0.116589181
0.22127241,0.221271653,0.134045752,0.208665337,0.214744848
0.223307509,0.223307309,0.132751444,0.309950962,0.110682776
0.234795784,0.234795965,0.137334255,0.293328653,0.099745342
0.199511953,0.199511302,0.092624073,0.421671161,0.08668151
0.136395359,0.136395146,0.072100537,0.602791877,0.052317081
0.110753405,0.110753157,0.059756464,0.673927436,0.044809538
0.170200903,0.170199853,0.063997824,0.532363872,0.063237549
0.110653918,0.110653715,0.064652095,0.666884533,0.047155739
0.053202102,0.053201919,0.028327929,0.843964353,0.021303697
0.204624727,0.20462398,0.121920716,0.363589105,0.105241472
0.179824739,0.179823967,0.095951829,0.466427012,0.077972452
0.103372361,0.103371958,0.054836102,0.696335237,0.042084343
0.186698571,0.186697713,0.093774362,0.453125451,0.079703902
0.108236933,0.108236487,0.053995418,0.686490568,0.043040594
0.23857932,0.238578081,0.125923085,0.264531081,0.132388433
0.244745481,0.244744111,0.121237642,0.253380367,0.135892399
0.230298522,0.230297491,0.128389021,0.273111483,0.137903483
0.192927171,0.192925981,0.086134089,0.451829253,0.076183507
0.204749061,0.204747645,0.082779216,0.429274711,0.078449367
0.08534024,0.08534006,0.048234317,0.748532602,0.032552781
0.189155184,0.189154906,0.162507097,0.132806139,0.326376674
0.202051698,0.202051164,0.125273047,0.119168811,0.35145528
0.213119248,0.213118769,0.129172764,0.117065338,0.32752388
0.180008559,0.180007791,0.107321847,0.109058535,0.423603268
0.184506633,0.184506157,0.134558677,0.1247031,0.371725433
0.220724556,0.220723646,0.100919549,0.109361266,0.348270984
0.162242239,0.162241784,0.112327646,0.097345224,0.465843107
0.138588541,0.13858788,0.075853626,0.07116531,0.575804643
0.154633285,0.154632763,0.103184425,0.090515263,0.497034264
0.173766761,0.173766422,0.130862417,0.101057566,0.420546833
0.198983995,0.198983844,0.16549651,0.122460723,0.314074928
0.203713025,0.203712708,0.150337575,0.129107108,0.313129584
0.223277564,0.223277446,0.151710787,0.128336805,0.273397398
0.166566526,0.166565891,0.092555602,0.083032444,0.491279537
0.227818773,0.227817692,0.102832957,0.102405717,0.339124861
0.203517962,0.203517674,0.151079428,0.122485038,0.319399898
0.198712659,0.198712216,0.13618175,0.119681605,0.34671177
0.194561,0.194560213,0.105993357,0.103373315,0.401512115
0.208236158,0.208235677,0.15437394,0.143911611,0.285242614
0.23381636,0.23381499,0.088867583,0.34644009,0.097060978
0.226002973,0.226001919,0.127569628,0.235719301,0.184706178
0.231645634,0.231645171,0.130700218,0.258741699,0.147267279
0.22774935,0.227749245,0.163303974,0.229286084,0.151911348
0.230485191,0.230484995,0.156274706,0.233235425,0.149519684
0.234813453,0.234813076,0.13824559,0.258049004,0.134078877
0.234239413,0.234239054,0.144401193,0.243016577,0.144103763
0.271379998,0.271381052,0.178111955,0.099355407,0.179771587
0.242068114,0.242067793,0.121129951,0.279422159,0.115311984
0.252321937,0.25232032,0.103874001,0.161399811,0.230083932
0.209727594,0.209727414,0.142443824,0.312099393,0.126001775
0.198607558,0.198606579,0.097377581,0.42914301,0.076265273
0.225943734,0.225942902,0.135018478,0.296524195,0.116570691
0.231394546,0.231393622,0.131316379,0.285624299,0.120271155
0.175898321,0.175897807,0.087411182,0.496400227,0.064392463
0.23385064,0.23384979,0.148044259,0.154587921,0.229667391
0.207396743,0.207396331,0.142052324,0.139109625,0.304044977
0.162045281,0.162044635,0.098180113,0.091586818,0.486143153
0.265351477,0.26535095,0.122005249,0.182883802,0.164408522
0.171776903,0.171776317,0.090502598,0.075324567,0.490619615
0.194701649,0.194701388,0.154993654,0.122172928,0.333430382
0.192830346,0.192829979,0.136072869,0.120056569,0.358210237
0.246258636,0.246258361,0.129341711,0.103537431,0.274603861
0.188049644,0.1880491,0.132073594,0.130595915,0.361231748
0.189028397,0.189027931,0.13999976,0.134108827,0.347835085
0.220937403,0.22093687,0.135182624,0.137834702,0.285108401
0.198537007,0.198536363,0.124974747,0.122114663,0.35583722
0.25069196,0.250690748,0.101808829,0.270133195,0.126675268
0.227915507,0.227915896,0.137751444,0.325919854,0.080497299
0.227832461,0.227832295,0.128728178,0.318712146,0.09689492
0.095852003,0.095851748,0.05058063,0.722666838,0.035048781
0.260524928,0.260524575,0.110151112,0.265902565,0.10289682
0.238600677,0.238601043,0.170601596,0.207289765,0.144906919
0.067827345,0.067827041,0.033689394,0.80368909,0.026967129
0.216289975,0.216289323,0.143625267,0.284206585,0.13958885
0.263214399,0.263212506,0.110326649,0.206660821,0.156585625
0.175365521,0.175364435,0.080783423,0.08676048,0.48172614
0.174862345,0.174861914,0.126076433,0.106654778,0.417544529
0.184546059,0.184545736,0.132915139,0.110928526,0.387064539
0.184093415,0.184092979,0.124848136,0.098821404,0.408144067
0.182931646,0.182931257,0.138046329,0.115362711,0.380728057
0.19823276,0.198231556,0.092897776,0.116559834,0.394078074
0.228266194,0.228264776,0.110445208,0.253864833,0.17915899
0.22474328,0.224742917,0.111678867,0.332734448,0.106100488
0.225106814,0.225106013,0.139095394,0.283789349,0.12690243
0.216874249,0.216873555,0.147911488,0.195496643,0.222844065
0.232235931,0.232235401,0.14016469,0.254715256,0.140648723
0.176234738,0.176234037,0.11032852,0.109851913,0.427350792
0.178452186,0.178451592,0.119998129,0.11512627,0.407971822
0.178685192,0.178684745,0.116703428,0.093234228,0.432692407
0.180598097,0.180597477,0.117297453,0.107048051,0.414458922
0.221698677,0.221698542,0.15327778,0.135435957,0.267889044
0.193872995,0.193872586,0.146191502,0.126872936,0.339189981
0.234862494,0.234862572,0.15683919,0.238196065,0.135239678
0.219347384,0.219347038,0.106255706,0.367643702,0.08740617
0.248078905,0.248078757,0.140484706,0.229810383,0.133547248
0.083173603,0.083173293,0.042454219,0.757535742,0.033663143
0.248148839,0.248148514,0.139382484,0.203935152,0.160385011
0.223420778,0.223420118,0.133775682,0.136595913,0.282787508
0.244403216,0.244401183,0.103298057,0.150437442,0.257460102
0.247337472,0.247336463,0.127027513,0.154632561,0.223665991
0.243848815,0.243849041,0.14812209,0.251116151,0.113063903
0.204103891,0.204103152,0.137635345,0.153546007,0.300611606
0.238447123,0.238446309,0.15114916,0.225582222,0.146375186
0.232681424,0.232680693,0.153748042,0.230320109,0.150569733
0.172745721,0.172745337,0.120093332,0.09750979,0.43690582
0.227459854,0.227459455,0.144226552,0.183291162,0.217562977
0.206116667,0.20611643,0.138374047,0.343750598,0.105642258
0.237183954,0.237183694,0.159588072,0.187947756,0.178096525
0.223700853,0.223700613,0.131510131,0.3044356,0.116652802
0.234555284,0.234555389,0.196896338,0.168847583,0.165145406
0.232348564,0.232347397,0.125547985,0.265193635,0.144562419
0.236493183,0.236491942,0.122494238,0.25559048,0.148930158
0.219015857,0.219015063,0.140132206,0.246421183,0.175415691
0.219380422,0.219379775,0.154086494,0.211226021,0.195927288
0.155786333,0.155785906,0.086516798,0.539700439,0.062210524
0.220293826,0.220293167,0.15229302,0.20818772,0.198932267
0.256996839,0.25699643,0.120511702,0.09954654,0.265948489
0.208853978,0.208853579,0.115747821,0.374197968,0.092346654
0.129465931,0.129465123,0.052512264,0.643251024,0.045305658
0.124748181,0.124747473,0.054755571,0.650617009,0.045131766
0.238327443,0.238327143,0.150428846,0.174765928,0.19815064
0.207667301,0.207665538,0.081463464,0.388952529,0.114251169
0.183358634,0.183358055,0.10914374,0.439132253,0.085007317
0.100420961,0.100420402,0.044830697,0.714661695,0.039666245
0.232559314,0.232557847,0.110699048,0.26799545,0.156188341
0.213691506,0.213690746,0.132940861,0.312156708,0.127520178
0.14353312,0.143532834,0.072176116,0.586778267,0.053979664
0.221731242,0.221730544,0.132217766,0.311934329,0.112386119
0.104088749,0.104088593,0.067230687,0.679633605,0.044958366
0.104745904,0.104745498,0.050864809,0.701126942,0.038516846
0.248158773,0.248158534,0.132127552,0.232151484,0.139403657
0.183338657,0.183337635,0.09087584,0.455310115,0.087137753
0.1947926,0.194792258,0.12539375,0.100938104,0.384083288
0.21561884,0.215617578,0.102056868,0.363999587,0.102707127
0.234976714,0.234975239,0.113123836,0.249239596,0.167684615
0.192976304,0.192975297,0.096211626,0.426685679,0.091151093
0.147775074,0.147774425,0.076516863,0.565891583,0.062042055
0.219717033,0.219716407,0.152564136,0.169858272,0.238144153
0.212783302,0.212783025,0.159142054,0.141890227,0.273401391
0.225639713,0.22563836,0.109170234,0.322328498,0.117223196
0.21773456,0.217733177,0.098067137,0.367625274,0.098839851
0.225947902,0.225946389,0.09644627,0.348977989,0.10268145
0.153222289,0.153221386,0.067405886,0.565086318,0.061064121
0.176509944,0.176508741,0.073977767,0.499194164,0.073809384
0.177424608,0.177423368,0.069271846,0.511512332,0.064367846
0.226657716,0.22665872,0.29162071,0.140073593,0.114989262
0.226469175,0.226468971,0.168505977,0.11842403,0.260131847
0.161112732,0.161111867,0.074986705,0.535429799,0.067358897
0.217900769,0.217900095,0.14631516,0.248261182,0.169622793
