C1,C2,C3,C4,C5,C6,C7,C8,C9,C10,C11
0.907821527,0.081958249,0.001346577,0.002636511,0.001403385,0.003858182,0.000257119,2.73448E-05,1.89571E-05,0.000376608,0.000295541
0.491006856,0.308959435,0.030757729,0.049179567,0.111628887,0.004527976,0.000897884,0.001620161,0.00120398,4.49991E-05,0.000172525
0.517754129,0.193652743,0.200475027,0.02640531,0.016952633,0.030089148,0.009280368,0.003638115,3.31147E-05,2.9549E-05,0.001689863
0.660920691,0.055608442,0.00830896,0.214697938,0.034285769,0.010319716,0.011459009,0.001324616,0.001448632,0.00124289,0.000383339
0.22736196,0.307494619,0.178449121,0.15684727,0.112660508,0.01336654,0.003156651,0.00022533,0.000390707,3.30353E-05,1.42587E-05
0.224111297,0.553837349,0.098515133,0.120794176,0.000659458,0.001598299,0.000342784,8.94423E-05,1.368E-05,3.45435E-05,3.83809E-06
0.128043795,0.142626689,0.570352336,0.078697929,0.045846185,0.032520722,0.001478031,5.75494E-05,0.000166962,6.13316E-05,0.000148471
0.408422324,0.166841937,0.376320343,0.039456151,0.006891346,0.001455296,0.000353863,0.000142464,6.30496E-05,5.06776E-05,2.54925E-06
0.549116059,0.430613444,0.007318852,0.000500457,0.002424721,0.004539322,0.003307537,0.001018524,0.000971116,0.000172509,1.74592E-05
0.090007604,0.218191059,0.224678728,0.026078125,0.106254591,0.01625116,0.122614828,0.031424175,0.150824659,0.005583054,0.008092018
0.372097559,0.229259382,0.20555083,0.047985413,0.011967449,0.011584323,0.077959311,0.00089991,0.02965308,0.001230922,0.011811822
0.558334018,0.370178337,0.001726056,0.058011601,0.011541676,2.03852E-05,0.000105523,4.18409E-05,2.81118E-05,1.92498E-06,1.05252E-05
0.235251159,0.171244714,0.502196647,0.025957018,0.060561498,0.002383052,0.000411891,0.001065411,0.000626086,0.000144453,0.000158068
0.379663207,0.571459082,0.03696086,0.000765204,0.009026842,0.000323072,0.001150178,0.000365064,0.000275327,1.90415E-06,9.26179E-06
0.561581613,0.288307191,0.065341061,0.014446333,0.040252419,0.022257356,0.002718715,0.005007124,1.7758E-06,1.498E-05,7.14324E-05
0.653156505,0.199391115,0.03580128,0.081885777,0.025368217,0.00090852,0.001562744,0.000915084,0.000441532,0.00035206,0.000217164
0.496529837,0.130061532,0.148563463,0.021171991,0.106931526,0.052473999,0.005163713,0.023952207,0.011178665,0.001328121,0.002644947
0.138948072,0.503234154,0.356812317,0.000983886,1.86226E-05,1.58514E-06,3.64839E-07,8.32217E-07,1.02947E-07,2.29683E-08,3.91718E-08
0.25598917,0.159735567,0.350036967,0.104524516,0.065100003,0.02640326,0.014789298,0.02246914,7.99776E-06,0.00080465,0.000139432
0.421726259,0.37592436,0.034220655,0.02974157,0.099958586,0.004116401,0.027669985,0.005377432,0.000385096,0.000732346,0.000147308
0.672583653,0.115736041,0.202598304,0.007226313,0.00013646,0.000346405,0.000448129,0.000811815,2.96068E-05,5.3323E-05,2.99496E-05
0.587677746,0.133880848,0.214251226,0.039062395,0.024035244,0.000915508,0.000161218,4.60863E-06,7.92199E-06,2.7765E-06,5.07661E-07
0.255823173,0.194654884,0.523771995,0.017339354,0.004832564,0.002378155,5.28737E-05,0.000639071,0.000252632,7.03601E-05,0.000184938
0.437083024,0.15295679,0.104086568,0.239045809,0.050728773,0.001259699,0.012712592,0.000955884,0.001033657,0.00013415,3.05381E-06
0.968236187,0.013184656,0.010500158,0.003967958,0.00258545,0.000688684,0.00082861,4.32705E-06,3.67858E-06,2.07812E-07,8.27936E-08
0.802015107,0.076011585,0.049793508,0.008937721,0.009749524,0.002570332,0.045041618,0.005500542,0.000204404,0.000118771,5.68872E-05
0.366264085,0.421628202,0.170226203,0.040739848,0.000790286,0.000253062,7.48637E-06,6.88113E-05,1.94635E-05,2.34434E-06,2.09551E-07
0.772792156,0.080146019,0.035915888,0.096575116,0.009552175,0.00198829,9.96566E-05,0.00059808,0.001557102,8.39691E-05,0.000691549
0.203963468,0.007790519,0.564465778,0.110548543,0.02214084,0.045083613,0.027708289,0.00699812,0.007630672,0.00186699,0.001803167
0.283524224,0.544750886,0.010016138,0.123373202,0.003696441,0.033257223,0.000207657,0.000766373,0.000223753,5.38855E-05,0.000130216
0.657251991,0.096312618,0.20902507,0.019772817,0.007708267,0.001205011,0.006847335,0.000545859,0.000992698,3.41178E-05,0.000304216
0.892535324,0.028707146,0.072644189,0.005806006,0.000293003,1.11374E-05,3.03937E-06,1.12506E-07,4.57906E-09,2.56173E-08,1.33851E-08
0.616344791,0.249046023,0.043688188,0.03396387,0.007977872,0.033475761,0.004521409,0.008633716,0.00181908,0.000314099,0.000215191
0.797134832,0.109645554,0.06036589,0.004279251,0.025103272,0.001032812,0.000162457,0.000597551,0.00086745,0.000383807,0.000427125
0.296763796,0.266869169,0.252903702,0.021574335,0.00227251,0.007724123,0.069819152,0.016048089,0.02034949,0.039871264,0.00580437
0.285188043,0.30609738,0.295605293,0.03563605,0.065839011,0.007722823,0.000373934,0.00298608,0.000439912,9.49304E-05,1.6543E-05
0.426974075,0.516380636,0.037213965,0.004508799,0.002446999,0.008046415,0.003171332,0.000700515,0.000483216,1.09759E-05,6.30706E-05
0.806026157,0.095061424,0.042806708,0.030140294,0.008215097,0.011083061,0.001394008,0.005165264,1.72104E-05,7.64505E-05,1.43261E-05
0.960383011,0.036714617,0.001802257,0.000962513,9.9277E-05,6.09301E-06,1.19692E-06,1.87955E-05,2.83356E-06,1.27107E-06,8.13451E-06
0.881185497,0.041790513,0.048265924,0.001229233,0.007047894,0.009738444,0.001124205,0.002806833,0.004212581,0.001951171,0.000647705
0.088884739,0.329221828,0.059781854,0.222410556,0.1160805,0.053437583,0.098465794,0.004239356,0.004083489,0.003689085,0.019705216
0.533368066,0.17887731,0.153677007,0.040755081,0.049234707,0.036109114,0.007153849,0.000232247,0.000525874,1.55201E-06,6.51917E-05
0.837558441,0.132187033,0.02362713,0.002821299,0.00056809,6.71396E-05,0.003149641,8.73111E-06,7.17554E-06,2.9224E-06,2.39824E-06
0.752246697,0.215603363,0.030096916,0.001426098,2.41353E-05,0.000478802,8.37843E-05,2.57253E-05,1.03172E-05,4.2533E-07,3.73574E-06
0.552184075,0.084033805,0.293910454,0.031952699,0.022966919,0.006296293,0.003471486,0.002910392,0.001016402,0.000111854,0.001145621
0.362142128,0.522799674,0.046415297,0.023888461,0.044032745,0.000299658,0.000400556,1.16006E-05,2.58974E-06,4.24334E-06,3.04714E-06
0.572351193,0.167515948,0.108478071,0.071681066,0.026503079,0.04399702,0.002659592,0.002897196,0.001047579,0.000637433,0.002231824
0.108400507,0.489702254,0.078029196,0.128426024,0.13946428,0.02091841,0.007032651,0.02115762,0.00253755,0.003363287,0.000968221
0.340338834,0.519117761,0.08550243,0.048055485,0.000198597,0.004551318,0.001815055,5.79555E-05,0.000317703,1.18697E-05,3.29929E-05
0.122686798,0.668666454,0.065598214,0.072243702,0.043457247,0.011813938,0.002576099,0.003064629,0.002973501,0.005635181,0.001284238
0.664377942,0.179344674,0.112630682,0.033312753,0.008645024,5.74704E-05,0.000887489,8.16736E-05,0.00035107,0.000172899,0.000138324
0.237902255,0.40838222,0.172542979,0.161465584,0.011844176,0.001643558,0.00118172,0.001702037,0.00266945,0.000101076,0.000564945
0.525768226,0.330856835,0.030521438,0.092175281,0.006115515,0.006368996,0.002806807,0.001244995,0.001057105,0.002638072,0.000446729
0.944161151,0.01485255,0.001661454,0.017190389,0.009187496,0.003016373,0.001841069,0.005882931,0.001635041,0.000560911,1.06333E-05
0.092918137,0.774866615,0.02291204,0.099631423,0.005845552,0.001526533,0.000231401,0.001978743,6.76049E-05,1.24131E-05,9.53671E-06
0.753477433,0.170071408,0.021549627,0.000730651,0.012115423,0.016784222,0.005065329,0.014399749,0.001869935,0.000646063,0.00329016
0.145343238,0.672294669,0.006275355,0.058415221,0.020150221,0.063846046,0.032393899,0.000743685,0.000332271,7.25898E-05,0.000132805
0.340107873,0.125727059,0.143768732,0.141390601,0.232869242,0.002767868,0.013149901,8.45161E-05,0.000102679,2.05657E-05,1.0964E-05
0.392646353,0.118546138,0.375385382,0.105016862,0.004142061,0.001237161,0.001329274,0.001259032,0.000192241,8.84297E-05,0.000157066
0.206866324,0.475752329,0.294961006,0.01902465,0.002867743,0.000225392,0.000295703,1.16622E-06,5.13673E-06,5.01593E-08,5.00933E-07
0.531129333,0.024377227,0.095140313,0.113325585,0.119944703,0.010275159,0.035947029,0.05575351,0.004237544,0.001333646,0.008535952
0.403324199,0.0654712,0.323111215,0.00221821,0.020608071,0.07894608,0.073238882,0.029154077,0.002774014,0.000451174,0.000702877
0.898998045,0.008632252,0.018289796,0.056946909,1.33435E-05,0.002836479,0.009030645,0.003638402,0.000867328,4.34712E-05,0.000703328
0.24820152,0.249365878,0.270670097,0.162226799,0.051285798,0.006887332,0.006899113,0.003283356,2.89279E-05,0.000517078,0.000634101
0.119567871,0.12224288,0.137830931,0.146777637,0.408178898,0.034638664,0.014237791,0.01000992,0.003533363,0.001453409,0.001528636
0.559251582,0.384637633,0.040093379,0.010215146,0.001603599,0.003812466,8.53294E-05,0.000130501,0.00015528,1.30143E-05,2.07011E-06
0.954445685,0.007194811,0.020100384,0.00189137,0.009991267,0.000431383,0.003594753,0.000994669,0.001248889,6.80173E-05,3.87715E-05
0.975761803,0.015201564,0.002463527,0.006455532,9.32607E-05,1.17436E-05,5.70762E-06,6.21062E-06,3.8387E-07,1.27063E-07,1.40045E-07
0.858978659,0.131435564,0.000457539,0.008229475,0.000809403,4.58458E-05,1.2089E-05,3.06081E-05,2.42295E-07,5.5968E-07,1.39095E-08
0.192464467,0.768685441,0.014627828,0.001438526,0.014367261,0.008403431,1.0029E-05,4.01686E-07,8.15072E-07,1.5082E-06,2.92049E-07
0.825846754,0.122283979,0.027203918,0.001649007,0.012011063,0.000942351,0.004269251,0.000460957,0.00010407,0.001267809,0.003960842
0.155316934,0.791704334,0.039739729,0.011153915,0.000392552,0.00158033,8.36112E-05,1.67734E-05,7.8128E-06,2.64393E-06,1.3652E-06
0.164716776,0.109275276,0.695427046,0.009313791,0.001636916,0.018703133,1.95838E-05,0.000850609,3.07398E-05,1.29939E-07,2.59991E-05
0.200269822,0.551302894,0.228603602,0.010207687,0.007524462,0.000709721,0.000105298,0.001168397,9.899E-05,1.91007E-06,7.21652E-06
0.257351762,0.099984161,0.490428486,0.145224332,0.006333746,8.75138E-05,0.00010615,3.86358E-06,0.000113085,0.00022554,0.00014136
0.798970525,0.15204701,0.017590495,0.023681935,0.001465406,0.006192997,5.14321E-05,1.47509E-07,4.89128E-09,1.18673E-09,4.63215E-08
0.6027384,0.252183922,0.112722488,0.019825753,0.01211491,0.000351863,1.7122E-05,1.26928E-06,1.57503E-06,2.05079E-05,2.21894E-05
0.915218845,0.068097205,0.006578636,0.009573511,0.000216218,0.000107699,0.000161688,4.11914E-05,3.79956E-06,2.39989E-07,9.66718E-07
0.485050149,0.275982407,0.236981531,0.000224968,0.001000497,1.90872E-05,0.00046234,1.24638E-05,0.000157576,8.116E-05,2.78212E-05
0.741042707,0.245795715,0.000909775,0.004410353,0.001460503,0.000453736,0.000485149,0.00093036,0.002001236,0.000778067,0.001732399
0.584640584,0.40126661,0.008188351,0.004848788,0.000490152,0.000488861,5.8653E-05,1.16143E-05,1.77893E-07,4.10698E-06,2.10111E-06
0.712147172,0.25282395,0.021758701,0.006085748,0.001808892,0.002900761,0.000618085,0.000678118,0.000589666,0.000274862,0.000314044
0.360265468,0.028398225,0.45614425,0.051121264,0.015685521,0.067418041,0.014713107,0.001109609,0.00502277,7.63709E-06,0.000114109
0.295116046,0.110918878,0.069732421,0.522023175,0.001915403,0.0002298,2.79124E-05,1.54522E-06,4.20908E-06,8.57253E-06,2.20365E-05
0.183124604,0.360176318,0.351450562,0.047167369,0.055802824,0.000890817,0.001358994,1.20413E-05,1.32779E-05,1.14736E-06,2.04442E-06
0.583552103,0.331780164,0.041351298,0.012624244,0.022136401,0.004481273,0.003750371,5.09774E-05,0.000198306,4.34251E-05,3.14378E-05
0.927060216,0.027362975,0.010966835,0.021915254,0.000309172,0.00463635,0.004092128,0.001545498,0.002099277,8.66852E-07,1.14288E-05
0.041776997,0.519124207,0.38750031,0.04472941,0.00673934,7.50137E-06,7.17813E-06,8.91713E-05,2.56754E-05,1.3485E-07,7.49119E-08
0.718510624,0.187168137,0.083942483,0.007976948,0.00119732,6.92815E-05,0.000754455,0.000351868,2.63571E-05,1.41069E-08,2.51246E-06
0.740803197,0.172822499,0.036549248,0.044907084,0.000997753,0.000911653,0.000602792,0.000720753,0.000373594,0.00084219,0.000469235
0.296786654,0.622341482,0.06461889,0.001016616,0.007291134,0.007193938,0.000414148,0.000286898,2.03257E-05,1.93703E-05,1.0544E-05
0.407340379,0.092258507,0.118835335,0.034986315,0.295252859,0.039240893,0.00532208,0.001165194,0.001238354,0.002517676,0.001842409
0.715168996,0.179975028,0.010083527,0.059408595,0.028870198,0.006146572,0.000197709,9.40098E-05,2.50373E-05,1.99701E-05,1.03569E-05
0.30230117,0.049148732,0.236517331,0.37384996,0.017241759,0.012922462,0.001522777,0.0047294,0.001055528,0.00068977,2.11116E-05
0.150212938,0.770027372,0.054472397,0.024551959,0.0005661,0.000111827,4.09819E-05,1.0159E-05,4.20001E-06,6.64516E-07,1.40202E-06
0.331600781,0.260033613,0.344455455,0.042803609,0.00572324,0.006784826,0.001062562,0.004029947,0.000794929,1.35616E-05,0.002697478
0.679260102,0.242918115,0.011369736,0.059846501,0.00313575,0.003217712,7.10741E-05,4.18902E-05,4.30145E-05,4.18497E-05,5.4255E-05
0.191001154,0.056933801,0.434990345,0.287817559,0.004632221,0.003361027,0.011948454,0.002252802,0.000851104,0.004409479,0.001802055
0.978335313,0.004348223,0.010252557,0.005110557,0.001304651,0.000450698,0.000120276,5.02166E-05,1.19027E-05,8.08018E-07,1.47983E-05
0.205666744,0.539819569,0.074542255,0.136524037,0.037940326,0.0037281,0.000533121,0.000700222,0.00046265,6.76768E-05,1.5299E-05
0.80735326,0.177326555,0.01309359,0.000679443,0.001524625,3.73861E-06,1.06545E-05,5.91264E-06,1.0232E-06,7.95935E-07,4.03058E-07
0.139063691,0.540309109,0.30164333,0.004364555,0.009399117,0.000888724,0.003002849,0.000145179,0.000530735,1.8077E-05,0.000634635
0.772719879,0.084286013,0.11978809,0.004418997,0.01187621,0.005700745,0.000291485,0.000670262,0.000213943,1.17256E-05,2.26499E-05
0.54516626,0.307727526,0.132481387,0.012211927,0.000976277,0.001415943,1.13999E-05,7.43235E-07,3.58075E-06,1.80504E-06,3.15104E-06
0.241608966,0.749391937,0.000506025,0.004521807,0.000558939,0.000533587,0.001013295,0.001427116,0.000366023,4.54176E-05,2.68892E-05
0.684001686,0.033556178,0.043920545,0.236720386,0.001150282,0.000620645,2.91836E-05,1.03772E-06,4.48216E-08,4.84278E-09,7.1633E-09
0.294193949,0.679398051,0.017058488,0.007071148,0.000131138,0.001543843,1.0907E-05,0.000180292,0.000303987,4.26621E-05,6.55333E-05
0.972391958,0.013057916,0.012307131,0.000258408,0.001381168,6.4402E-05,0.000518692,1.3835E-05,4.87007E-06,1.45923E-06,1.60244E-07
0.519214998,0.149310165,0.132551039,0.098140325,0.026391751,0.007273614,0.033426998,0.021173687,0.00888821,0.00025044,0.003378772
0.971561079,0.00242952,0.014713049,0.004114449,0.006419886,0.000247182,0.000437692,2.0783E-05,5.5528E-05,3.52749E-07,4.79441E-07
0.540115388,0.341569626,0.050957914,0.000982653,0.024746029,0.023651923,0.007992991,2.37626E-05,0.009935628,1.04713E-05,1.36151E-05
0.208802669,0.493470845,0.029014029,0.056384845,0.004701723,0.029313578,0.019496361,0.140968777,0.005281295,0.009266216,0.003299663
0.436984716,0.290612085,0.004780622,0.003117918,0.066077304,0.096673425,0.047777728,0.002965599,0.009487697,0.012167933,0.029354973
0.5729519,0.170698958,0.249689768,0.002968517,0.003286162,0.000292447,5.09993E-05,1.65976E-05,4.31325E-05,1.48026E-06,3.74013E-08
0.698678631,0.030009597,0.065967741,0.077976633,0.079645231,0.010642257,0.020337514,0.000481936,0.009982812,0.003697372,0.002580276
0.356428331,0.396576677,0.088792744,0.034535666,0.009939337,0.104934019,0.008627102,0.000106685,4.76279E-05,4.89301E-06,6.91844E-06
0.140241367,0.792867987,0.037300522,0.028475947,0.000287653,0.00050828,8.93542E-05,0.000188864,1.41068E-05,2.24089E-05,3.51049E-06
0.182475599,0.576629658,0.215692644,0.011395459,0.003155124,0.008325333,0.000135604,0.002159624,1.62338E-05,1.03268E-05,4.39493E-06
0.028240064,0.17396222,0.347942286,0.210748891,0.142244733,0.067337317,0.007745093,0.017044109,0.00335157,0.000669675,0.000714043
0.91197451,0.069947314,0.009583221,0.003452842,0.003158689,0.001240843,0.00027253,0.000330209,2.18111E-05,2.29988E-06,1.57301E-05
0.529870049,0.136384859,0.157041475,0.135888267,0.031677683,0.007914233,0.000685084,0.00049193,9.57071E-07,1.30517E-05,3.24117E-05
0.205337544,0.310336698,0.298049363,0.077738223,0.038209317,0.060294436,0.004372423,0.004892433,0.00049471,7.59512E-05,0.000198901
0.667838357,0.114331915,0.017546366,0.031360171,0.161548106,0.001635398,0.005087893,0.000632127,1.1149E-06,1.03462E-05,8.20662E-06
0.723470282,0.241589172,0.007991592,0.02223248,0.002212533,0.000104192,0.000909479,0.00051888,0.000346479,0.000303202,0.000321708
0.23791289,0.733560401,0.010029718,0.015768806,0.002439704,0.000208819,3.74713E-05,3.64863E-05,5.47555E-06,6.18886E-08,1.66044E-07
0.500725184,0.165727447,0.180937301,0.024275645,0.101723494,0.017185792,0.004221007,0.001454988,0.00091978,0.002049709,0.000779652
0.207881025,0.10780907,0.682793132,0.001185413,0.000195284,5.05977E-05,4.59553E-05,2.78113E-05,2.65804E-06,3.25743E-06,5.796E-06
0.798893475,0.054630467,0.102651988,0.01306805,0.020002431,0.002630976,0.000382688,0.00408273,0.000861961,0.002602964,0.000192269
0.290277856,0.136660232,0.350423243,0.148372857,0.056363437,0.016835288,0.000680215,0.000170081,0.000165077,1.13885E-05,4.03258E-05
0.541473947,0.166589537,0.281803942,0.002508486,0.004487584,0.000281669,0.002495167,3.83515E-05,0.00031789,3.06747E-06,3.59062E-07
0.634743449,0.224288501,0.075785548,0.025451624,0.030478507,0.008967806,0.000197655,7.09362E-05,4.07039E-06,2.06018E-06,9.84379E-06
0.264295381,0.511312532,0.222058509,0.001137701,0.000672304,0.000430462,2.60978E-05,5.94431E-05,6.6473E-06,8.67443E-07,5.50957E-08
0.400793305,0.128985874,0.036574359,0.341351404,0.074927307,0.010607581,0.006339965,0.000333072,8.48983E-05,1.10246E-06,1.13313E-06
0.944772793,0.006910598,0.04693765,0.000425219,3.9047E-06,0.000260157,1.8394E-05,0.000443399,0.000152508,6.40085E-05,1.13665E-05
0.325935662,0.200268257,0.292509673,0.068244938,0.023624883,0.046387687,0.03961228,0.002727285,2.2884E-06,3.12926E-05,0.000655754
0.412954264,0.529776445,0.033987734,0.005661241,0.017422685,9.73149E-05,1.62295E-05,1.70045E-05,2.0906E-05,1.62011E-05,2.99739E-05
0.002615371,0.545532026,0.024085261,0.246863681,0.088468913,0.07154305,0.018911278,0.00081859,0.001006488,3.39664E-05,0.000121376
0.584432424,0.083861015,0.328712585,0.000507702,0.00067587,0.001153474,0.000145547,0.000488863,1.874E-05,1.31504E-06,2.46461E-06
0.681821115,0.187803543,0.115503979,0.007060119,0.000994601,0.001219345,0.004345541,0.000797466,0.000440964,2.98804E-06,1.03383E-05
0.660261757,0.176277088,0.070142563,0.077086361,0.002240694,0.013532489,0.000119628,0.000139398,9.65104E-05,4.4447E-05,5.90631E-05
0.321189274,0.104403743,0.43799563,0.096391436,0.027921864,0.009076703,0.000765406,0.001239543,5.38621E-05,0.000144178,0.000818359
0.338977678,0.53128131,0.126694864,0.002588764,2.28694E-05,8.45661E-05,0.000151276,8.8566E-05,2.18174E-05,3.82407E-05,5.00475E-05
0.736239201,0.035991662,0.212905604,0.012888444,0.000301359,0.000145911,0.00043931,0.000187662,0.000251033,0.000256459,0.000393356
0.347589307,0.651970265,0.000407147,1.72662E-05,3.13142E-06,4.1902E-06,6.57051E-06,9.73722E-07,3.4349E-07,3.43084E-07,4.61994E-07
0.251968664,0.666711673,0.04731518,0.032156615,0.001065839,0.000189722,0.000167483,0.000226317,3.52444E-05,0.000139876,2.33861E-05
0.696154282,0.045401571,0.101658937,0.118434378,0.023327037,0.001949059,0.00415103,0.004545777,0.002837937,0.000214379,0.001325613
0.545602229,0.224532222,0.011804425,0.140746404,0.046114509,0.016299534,0.010102164,0.004623294,2.30903E-05,2.42567E-05,0.000127873
0.102141066,0.357857857,0.057875199,0.404185952,0.051925358,0.025436395,0.000332687,9.28689E-05,0.000132434,1.87455E-05,1.43686E-06
0.597316762,0.193646948,0.100992316,0.044165243,0.038296094,0.005074201,0.015868536,0.002034446,0.000655121,0.00185029,0.000100044
0.906359664,0.063128228,0.013226625,0.002604904,0.004804334,0.004574294,0.003910531,0.000924515,0.000266515,6.34241E-06,0.000194045
0.980253492,0.000780511,0.002430609,0.005844736,0.009281908,0.00053214,7.89942E-05,0.000256056,0.000432587,1.31922E-05,9.57752E-05
0.817662713,0.051007563,0.077840317,0.011757831,0.032597649,0.004943717,0.002365973,0.000204073,0.000156514,0.000478174,0.000985476
0.437814145,0.462151694,0.012155713,0.019478594,0.044979103,0.018181174,0.000178339,0.000336518,0.002799868,0.001478069,0.000446783
0.512156223,0.244092348,0.000874499,0.237522145,0.002248579,0.001112881,0.001125951,0.000743138,3.11974E-05,2.22766E-05,7.07609E-05
0.851996868,0.08194825,0.035098959,0.016324324,0.001434531,0.006688964,0.003268122,0.000801008,0.00106832,0.000429939,0.000940715
0.573467738,0.078620183,0.217954431,0.023552726,0.067888089,0.000392672,0.03693892,0.00076992,0.000312796,3.27275E-05,6.97974E-05
0.221784645,0.526514487,0.028121569,0.158895133,0.05389901,0.005084223,0.00460095,0.000738207,0.000312831,3.01094E-05,1.88359E-05
0.257812065,0.171492264,0.00347446,0.493056792,0.050085925,0.000488113,0.013162312,0.001078353,0.004584334,0.002478501,0.00228688
0.886671644,0.068376667,0.0059662,0.016365171,0.010919554,0.00202679,0.000355498,0.009068251,0.000198517,4.74277E-05,4.27981E-06
0.236693982,0.670187315,0.022371264,0.056951842,0.002852516,0.0037076,0.00539035,5.32947E-05,0.001037248,0.000596483,0.000158105
0.801687621,0.037524404,0.127569482,0.010798512,0.000572152,0.006430603,0.013948793,0.001048472,8.98262E-05,0.000125951,0.000204184
0.160467429,0.254938873,0.372108371,0.065556512,0.044678234,0.002163458,0.00339444,0.072433481,0.011314042,0.003555424,0.009389735
0.987548171,0.006364475,0.000531423,0.004354877,0.000943492,3.19951E-05,6.51351E-05,0.000107623,9.17804E-06,1.15398E-05,3.20902E-05
0.983500375,0.00458569,0.009110464,0.002112579,0.000195544,0.000217636,6.95885E-05,0.000203253,2.46459E-06,2.06641E-07,2.19904E-06
0.668952658,0.32957292,4.99988E-05,0.001213943,1.75259E-05,0.000158348,1.85139E-05,9.75494E-06,1.14744E-06,3.94443E-06,1.24579E-06
0.938450301,0.041949554,0.010076397,0.006562139,0.002764638,0.000157512,2.63893E-05,1.0562E-05,1.9175E-06,3.08008E-07,2.82225E-07
0.127427728,0.319192553,0.064253374,0.196106154,0.198727653,0.019132537,0.042955056,0.018318758,0.009365563,0.001620471,0.002900153
0.852154183,0.08068707,0.033393409,0.001611779,0.022950556,0.001080598,0.001980446,0.000849168,4.53872E-05,0.000733527,0.004513875
0.163324014,0.688931579,0.022757522,0.054997776,0.052616662,0.008403706,0.003617912,0.002647814,0.00069391,0.000505195,0.001503909
0.988936187,0.006809514,0.001180441,0.001451295,0.000698822,0.00085025,6.74169E-05,4.26361E-06,7.60419E-07,1.39268E-07,9.11325E-07
0.361707604,0.599295643,0.029637301,0.007203554,0.000351721,0.001627139,0.000136583,3.30598E-05,4.02148E-06,1.25641E-06,2.11737E-06
0.55792313,0.209860427,0.144625686,0.027929589,0.031194005,0.019076005,0.000114566,0.009008882,0.000103799,0.0001437,2.02114E-05
0.566835512,0.144829815,0.276989586,0.005057816,0.001767808,0.002040319,0.000758781,0.001310851,0.000258631,4.86156E-05,0.000102265
0.569377021,0.423667259,0.000842067,0.00124195,0.004506615,0.000247422,0.000115203,1.29117E-07,1.77825E-06,3.13837E-07,2.40793E-07
0.663569647,0.149623238,0.091484481,0.010072541,0.023722773,0.041332077,0.001818265,0.013876557,0.001771457,0.002003383,0.00072558
0.590421628,0.375879079,0.002729434,0.016394718,0.005620925,0.001677771,0.000619334,0.004803055,0.001540024,0.000184851,0.000129181
0.765371857,0.214382337,0.016656318,0.003127854,0.000200091,0.000192387,2.65774E-05,6.8678E-06,2.97778E-05,2.38677E-06,3.54634E-06
0.444735659,0.289102825,0.186399957,0.00071867,0.004632174,0.056721305,0.01200604,0.000806137,0.00020374,2.12635E-05,0.00465223
0.644132764,0.141600499,0.045211646,0.139213021,0.004528205,0.012834404,0.000111351,0.009359259,0.002006191,0.000613442,0.000389218
0.619096196,0.326680081,0.051887212,0.000508785,0.001501379,0.000134211,0.000146447,8.00354E-06,1.2026E-05,1.96879E-05,5.97181E-06
0.975526605,0.011654797,0.002536897,0.007953873,0.001126908,0.000741759,0.000368664,1.89971E-05,6.90785E-05,2.39711E-06,2.59294E-08
0.243579629,0.50507921,0.135051352,0.010113001,0.071389557,0.016093541,0.012242056,0.006351585,8.72262E-05,9.7647E-06,3.07843E-06
0.918461929,0.013211922,0.046060411,0.004954656,0.007223638,0.009533129,1.09481E-05,0.00023179,9.80902E-05,0.000105486,0.000108001
0.993538956,0.001018202,0.003495533,0.001777018,0.000119365,3.57444E-05,1.1534E-05,1.73767E-07,1.57114E-06,1.62063E-07,1.74046E-06
0.614689028,0.111833628,0.03348277,0.134494401,0.082704591,0.007304054,0.002137572,0.01266596,0.000160498,0.000217866,0.000309633
0.967435771,0.030931125,0.000655129,0.000309919,0.000163312,8.76375E-06,0.000430619,9.25544E-06,1.76801E-06,4.57859E-05,8.55266E-06
0.766619805,0.210849149,0.000746344,0.001258279,0.011235045,0.006880901,0.001112236,0.00047663,2.76815E-05,0.000246014,0.000547914
0.659318824,0.006373315,0.170389465,0.012993506,0.034944705,0.011655879,0.044522244,0.051047662,0.002561441,0.003361867,0.002831093
0.143622141,0.044787284,0.413694693,0.129118629,0.210095362,0.05657545,0.00086203,0.000119181,0.000553966,0.000276366,0.000294898
0.934609365,0.042649949,0.014755427,3.56017E-05,0.00010354,0.00177975,0.000389598,0.001535898,0.004060535,3.92316E-05,4.11042E-05
0.669763478,0.04987721,0.157409817,0.060216303,0.06064179,0.002044831,3.98218E-05,1.0136E-06,3.51724E-06,2.1801E-06,3.74944E-08
0.228177748,0.59792251,0.040881536,0.093918761,0.009959477,0.019054225,0.002988781,0.005515221,0.001395429,3.38283E-05,0.000152483
0.715348963,0.251582716,0.025866108,0.006825111,0.000310833,3.49508E-05,2.53706E-05,4.69202E-06,6.12804E-07,8.30667E-08,5.59193E-07
0.168371082,0.319551803,0.434438257,0.062729608,0.010506038,0.0035916,0.000662069,3.76411E-05,3.46525E-05,7.65172E-05,7.32471E-07
0.406005905,0.509454433,0.061120551,0.003837431,0.015092657,0.001131554,0.000400983,0.000998821,0.000985424,0.000767212,0.000205029
0.869077245,0.115773785,3.21263E-05,0.006481153,0.003657145,0.004247646,6.27714E-07,0.000401847,0.000189134,2.5482E-05,0.000113809
0.459254253,0.440347289,0.085679366,0.009768521,0.001445829,0.001576739,0.00106058,0.00029758,0.000303099,0.000228329,3.84154E-05
0.49974027,0.104249675,0.180816446,0.154109808,0.05362233,0.001350344,0.001639455,0.000786173,0.000733227,0.002719839,0.000232433
0.367719225,0.612096541,0.007446835,0.010525306,0.001184697,0.000212714,0.000319651,0.00044569,1.69914E-05,1.90387E-05,1.3311E-05
0.537272508,0.191346274,0.242898026,0.013010643,0.003044866,0.008085164,0.001585842,0.002419603,4.25972E-05,7.48934E-05,0.000219584
0.165251592,0.401994678,0.052188168,0.291775572,0.00965211,0.025576514,0.051774336,0.001555295,6.46204E-05,7.56591E-05,9.14555E-05
0.753700797,0.178550938,0.034528332,0.005170681,0.023929957,0.002757948,0.000260164,0.000599187,0.000448365,1.4731E-05,3.88997E-05
0.318472345,0.080928699,0.157312073,0.009943111,0.021657048,0.284782332,0.073400169,0.003470252,0.042764103,0.002304452,0.004965415
0.768147726,0.096255196,0.096370489,0.013929648,0.015146665,0.008785701,0.000148692,2.33602E-05,0.001053048,0.000118429,2.10462E-05
0.547022687,0.047688992,0.232888329,0.079598498,0.014465434,0.060629571,0.016963373,0.000284981,0.000133526,0.000320889,3.71974E-06
0.60276967,0.325754848,0.024534465,0.00323491,0.022191334,0.007748042,0.00369158,0.007689141,0.001444326,0.000750653,0.000191031
0.13313854,0.482299514,0.17248288,0.124255644,0.024013808,0.027591121,0.019900855,0.010485971,0.001770546,0.00293442,0.001126701
0.59202346,0.172484385,0.163533137,0.059566317,0.006052782,0.004107555,0.002063269,5.98527E-05,7.35791E-05,1.7745E-05,1.79177E-05
0.35928863,0.177882477,0.391553806,0.050136092,0.001460695,0.000539438,0.011641292,0.007103163,0.000157417,2.22439E-05,0.000214747
0.534633797,0.323561467,0.066566028,0.018787902,0.023385309,0.012177269,0.010772748,0.007142528,0.000568388,0.000208852,0.002195712
0.456529124,0.174537379,0.257770299,0.003080798,0.034993666,0.062338135,0.004916947,0.005198903,0.000527642,9.45869E-05,1.25209E-05
0.520134137,0.144332991,0.142744052,0.081199358,0.064246665,0.035669012,0.01130702,1.76047E-05,0.000176826,4.55354E-05,0.000126799
0.577884558,0.320422441,0.011502289,0.002047173,0.086587309,0.001228644,0.000296513,1.23548E-05,6.21215E-06,8.08077E-06,4.42476E-06
0.435174806,0.51012912,0.031426279,0.00897472,0.003097001,0.005810459,0.000349952,0.001972197,0.001147113,0.00182339,9.49623E-05
0.350451353,0.562411648,0.038908914,0.023109446,0.000265044,0.016541105,0.005513157,0.001423766,0.001039849,0.000327667,8.04969E-06
0.061583918,0.105636416,0.447499865,0.350546991,0.004113308,0.006221631,0.000927829,0.000941236,0.018389708,0.000140172,0.003998925
0.29372959,0.128831799,0.258297041,0.04420402,0.043200632,0.116657205,0.064910872,0.014824226,0.024405345,0.000634024,0.010305248
0.023233593,0.434147294,0.398178976,0.105712189,0.015862651,0.018097277,0.003823987,0.00063804,0.000135105,5.49706E-05,0.000115917
0.560951358,0.050904071,0.191851531,0.086570511,0.080529666,0.005536823,0.013949632,0.0067817,0.002588122,0.000161013,0.000175572
0.730769441,0.123007897,0.08730044,0.029252411,0.010849001,0.008582463,0.005438623,0.001933981,0.000881754,0.001367246,0.000616743
0.597860648,0.338761332,0.054549987,0.003230423,0.0016268,0.000278747,0.002994393,0.000307725,0.000183652,7.42189E-05,0.000132073
0.080930389,0.622844094,0.225601991,0.006723104,0.020667704,0.03025875,0.00622611,0.004977933,0.000508784,0.000368503,0.000892637
0.126469913,0.721693872,0.106570681,0.035282674,0.001783593,0.002378592,0.000533657,0.000805275,0.000182482,0.003976554,0.000322705
0.360065156,0.151007676,0.04450105,0.260685334,0.032750127,0.05690323,0.028204858,0.042549936,0.009344675,0.013241182,0.000746778
0.064695351,0.613502704,0.062315441,0.162933159,0.044165499,0.012626823,0.020888728,0.015008411,0.002416184,0.000905594,0.000542106
0.235698758,0.484576799,0.068300557,0.064828008,0.145480834,0.000431644,5.37698E-05,0.000103585,0.000509143,1.13155E-05,5.58611E-06
0.270740843,0.224840032,0.315543632,0.166662434,0.000826208,0.014473414,0.005306672,0.001317242,0.000163153,4.22483E-05,8.41223E-05
0.991847966,0.007487402,0.000535064,0.000116136,8.86379E-06,1.29153E-06,3.05341E-06,1.37928E-07,1.89561E-08,5.54044E-08,1.26531E-08
0.262845993,0.273669221,0.159148144,0.027278612,0.020004023,0.100573857,0.034800513,0.011446701,0.074092532,0.018592874,0.01754753
0.003790612,0.591221552,0.362711289,0.002946637,0.018604243,0.018757928,0.001362571,0.000485266,9.47132E-05,1.43282E-05,1.0861E-05
0.234877278,0.44862364,0.039372184,0.119541103,0.062946352,0.080163552,0.005942992,0.002284767,0.004972436,0.000833316,0.000442381
0.734190357,0.233598362,0.000397308,0.00472083,0.020304509,5.05983E-05,0.005875066,0.00024706,0.000564776,1.1118E-05,4.00167E-05
0.606263231,0.350162585,0.000980908,0.009192558,0.010481562,0.011623523,0.003003546,0.006418888,0.000749111,0.000533684,0.000590403
0.928849252,0.010435083,0.038226997,0.02000675,0.000838027,0.000292855,0.000477662,0.00016142,0.000518085,3.69775E-05,0.000156891
0.23401755,0.254255876,0.266530237,0.193026051,0.034800585,0.003021148,0.01185963,0.001960357,1.80071E-05,1.2825E-05,0.000497734
0.529343166,0.038362383,0.058776268,0.100953395,0.272472701,4.15304E-05,2.40739E-05,2.38841E-05,5.91965E-07,4.94333E-07,1.51205E-06
0.577918285,0.333288085,0.016187698,0.008690802,0.010006199,0.019019242,0.019411894,0.008843351,0.005739157,0.000873257,2.20295E-05
0.446156141,0.243234291,0.231367027,0.005132504,0.035230356,0.016799919,8.00094E-05,0.011370323,0.001642958,0.007037336,0.001949137
0.925595355,0.031451963,0.035993886,0.0008617,0.003120639,0.001790746,0.000464726,0.000633244,5.58992E-05,2.30305E-05,8.81149E-06
0.850525262,0.00873302,0.100974892,0.0377204,0.001293687,9.05025E-05,0.000432419,0.000182144,1.28778E-05,1.16318E-06,3.36316E-05
0.079421614,0.765599214,0.154343671,0.000186593,0.000313684,6.29678E-07,1.10765E-05,0.000104953,1.33398E-05,2.51876E-06,2.70633E-06
0.88882675,0.094054043,0.009109951,0.006327949,0.000482263,0.000672219,0.000448899,2.83712E-05,2.21243E-05,1.9359E-05,8.0711E-06
0.171986997,0.383851208,0.253024725,0.113816618,0.004321885,0.06120046,0.007708078,0.003101638,0.000618251,0.000234288,0.000135852
0.785104452,0.182637053,0.00333198,0.005025764,0.004583645,0.007033054,0.002411806,0.00111798,0.001803805,0.005062755,0.001887705
0.74525361,0.164076303,0.082200399,0.008054229,0.000101728,0.000209106,6.96741E-05,1.56094E-05,1.00275E-05,7.12706E-06,2.18746E-06
0.334787203,0.619714692,0.036091327,0.007421533,0.000471032,0.000907929,0.000353564,9.21733E-05,0.000115527,3.55658E-05,9.45315E-06
0.011739417,0.832071227,0.070376459,0.040627308,0.006873702,0.029317361,0.001163254,0.001914069,0.004542546,0.000684531,0.000690127
0.450294299,0.261400878,0.179692189,0.087745829,0.013128375,0.005023481,0.001583381,0.000803237,0.000117115,0.000153071,5.8146E-05
0.231450909,0.158342049,0.047843064,0.286126393,0.031727757,0.161139108,0.014869207,0.001575371,0.031919912,0.008016963,0.026989267
0.78686774,0.118450934,0.020624144,0.034669122,0.022823129,0.014706544,0.000617508,0.000805346,0.000418443,6.07013E-06,1.10201E-05
0.570614178,0.244622757,0.165046032,0.013789755,0.001687117,0.001435127,0.001059185,0.000216372,7.95704E-05,0.000123771,0.001326136
0.643489406,0.175598206,0.113596481,0.00496866,0.027546703,0.014740212,0.012108948,0.005582595,0.000748216,0.000971521,0.000649054
0.474122812,0.513296093,0.010877442,0.001674051,2.40871E-05,3.27252E-06,1.94271E-06,2.62682E-07,3.54525E-09,8.57607E-09,2.45495E-08
0.377644214,0.271899982,0.174782185,0.114816511,0.027228491,0.012595009,0.00305069,0.011036252,0.00086982,0.000245765,0.005831082
0.793567734,0.170523236,0.013850766,0.001409418,0.019904517,3.98761E-05,0.000550355,6.95341E-05,5.49174E-06,3.82921E-05,4.07804E-05
0.178490146,0.537292428,0.195434519,0.000279716,0.060809519,0.023137095,0.003644815,0.000632221,0.000266488,3.8603E-06,9.19468E-06
0.624582065,0.101912631,0.162342074,0.065269658,0.043543611,0.001770686,7.76297E-05,1.42828E-06,0.000140196,0.00017196,0.000188061
0.172538269,0.408538822,0.001829092,0.174555222,0.011192733,0.142549739,0.069476158,0.008702769,0.010081345,0.00042112,0.00011473
0.909317278,0.063169749,0.014401566,0.008806859,0.00094321,0.001131428,0.001695899,0.000292827,0.000134951,1.7225E-05,8.90067E-05
0.63555619,0.17913292,0.092644734,0.056268657,0.032463526,0.003466397,6.63793E-05,0.000328396,9.65597E-06,2.64424E-05,3.67009E-05
0.526113133,0.244988637,0.136481749,0.041804768,0.005620454,0.008646098,0.03360785,0.001191881,0.00088632,7.14509E-05,0.00058766
0.237364895,0.163643969,0.324979777,0.218141704,0.017129961,0.0346056,0.003043891,5.97347E-05,0.000977634,3.89589E-06,4.89382E-05
0.791398037,0.012189669,0.03140505,0.01717449,0.054931837,0.004162038,0.055619278,0.015725411,0.00116447,0.009005337,0.007224383
0.570290022,0.072379687,0.122731534,0.171857768,0.056943069,0.000597737,0.001532602,0.002851809,0.000371603,0.000356609,8.75617E-05
0.929431301,0.001494774,0.006373012,0.058459664,0.002793521,0.000563647,0.000865333,1.11878E-05,4.99239E-06,1.2769E-06,1.29093E-06
0.879592209,0.105411338,0.002525775,0.011815789,0.000526802,5.69694E-05,9.9718E-06,3.69502E-05,2.11652E-06,1.3781E-06,2.07015E-05
0.236135616,0.275573892,0.255432953,0.104655154,0.124548232,0.002521018,0.000571411,7.3629E-05,0.00020803,0.000273259,6.80632E-06
0.073842683,0.309163852,0.55134584,0.032434264,0.00975311,0.005675034,0.003942073,0.012601668,0.000417877,0.000699278,0.000124321
0.054982635,0.905097792,0.038518975,0.000298053,0.000487972,0.000360598,0.00024748,5.32276E-06,4.04368E-07,7.03952E-07,6.44718E-08
0.489424466,0.308666614,0.074471965,0.0747886,0.002314566,0.036260155,0.007755194,7.57556E-05,0.003469411,0.000257295,0.002515977
0.389652771,0.221645965,0.344265763,0.017323046,0.007254191,0.007586412,0.008308733,0.001476866,0.002074659,0.000303734,0.000107859
0.435558585,0.009947508,0.455458218,0.083211778,0.009286152,0.006240717,7.01807E-05,0.00019901,1.98951E-05,1.99043E-06,5.96566E-06
0.269721384,0.164950838,0.335908565,0.142687803,0.076034411,0.003147675,0.002172098,0.003619049,0.000647691,0.000120062,0.000990426
0.773903072,0.106167385,0.020688655,0.019727998,0.034263708,0.018746038,0.013412587,0.003157915,0.002463321,0.004413923,0.003055398
0.069090236,0.752754483,0.041505926,0.114338768,0.01762003,0.001259636,0.001664698,0.000276552,0.000806855,0.000185898,0.000496917
0.672232535,0.140175425,0.070616819,0.01240247,0.082890984,0.019093094,0.001309043,0.001005365,6.6276E-05,0.000196479,1.15119E-05
0.907139703,0.056075178,0.034302794,0.002175955,3.32011E-05,4.02751E-05,4.28728E-05,0.000189956,5.36441E-08,8.4937E-10,1.0822E-08
0.437887257,0.207916659,0.078406099,0.127597593,0.146010443,6.43429E-06,0.002147135,2.40819E-05,1.15357E-06,1.61004E-07,2.98338E-06
0.664833396,0.21269528,0.01255617,0.005499075,0.062817664,0.014505599,0.024112701,0.000155111,0.000516147,0.001532358,0.000776498
0.344142476,0.146750964,0.247832527,0.183594728,0.003943315,0.042391236,0.025932613,0.004710932,4.94789E-05,3.79183E-05,0.000613812
0.766618186,0.086042378,0.066141204,0.074631063,0.003637811,0.002241633,0.000113505,0.000214417,0.000342816,4.20477E-06,1.27817E-05
0.177251821,0.142650949,0.534690231,0.109343184,0.021764094,0.002561992,0.000201202,0.007599308,0.003193235,0.000192337,0.000551648
0.797515872,0.157872566,0.012981725,0.010825391,0.00521498,0.009478894,0.003232398,0.000314334,0.000623837,9.76734E-05,0.00184233
0.057167185,0.343779158,0.365398935,0.046911779,0.185940395,0.000800776,8.65338E-07,6.23862E-07,2.82053E-07,2.55141E-10,9.12114E-11
0.815491329,0.144506679,0.005104379,0.016254999,0.007272222,0.001979818,0.00847537,0.000262525,0.000140599,0.000303177,0.000208903
0.912920913,0.005918786,0.001381062,0.0651546,0.002923054,0.000749424,0.009099339,0.001198988,0.000296875,0.000145693,0.000211266
0.869480881,0.093881016,0.012876321,0.019542579,0.001279804,0.002822047,0.000113467,3.57523E-06,1.19524E-07,1.26771E-08,1.77322E-07
0.712672283,0.021119348,0.122020045,0.119039846,0.012711271,0.005453789,0.00449352,0.000532011,0.000103814,0.000632109,0.001221964
0.96660614,0.00813202,0.022846295,0.002203147,4.07991E-05,0.00016634,4.68012E-06,3.27112E-07,1.6991E-07,4.88639E-08,3.25827E-08
0.740020977,0.246662537,0.002682844,0.002868108,0.00745003,5.23344E-05,0.000151126,9.39125E-05,2.69094E-06,1.1782E-05,3.6578E-06
0.584691011,0.382025302,0.005792687,0.01323072,0.010437735,0.002022215,0.001219889,0.000529371,7.67481E-06,2.2311E-05,2.10846E-05
0.565344763,0.115388866,0.29858197,0.000334736,0.02002057,1.5251E-05,0.000185862,9.36581E-05,9.73224E-06,2.05498E-05,4.04119E-06
0.895827421,0.033194882,0.037519716,0.009822152,0.0099655,0.005532515,0.002416973,0.005385355,0.000268301,5.43211E-05,1.28633E-05
0.244562637,0.682986605,0.067952444,0.000658042,0.001733527,0.001837525,6.99713E-06,0.00016055,7.04175E-05,2.78727E-05,3.38194E-06
0.022339914,0.537866927,0.015364736,0.10639163,0.270032796,0.007453462,0.016476324,0.011741831,0.004007373,0.008241858,8.31471E-05
0.681038899,0.145283052,0.047997739,0.011312323,0.099553597,0.003362213,0.004053027,0.003291229,0.000750299,0.00153241,0.00182521
0.923848159,0.008081153,0.047141739,0.017989439,0.000527087,0.00020631,0.001797108,0.000255088,6.62705E-05,6.28137E-06,8.13636E-05
0.739858414,0.048840163,0.14067111,0.054017796,0.015110971,0.000698859,0.000515739,0.000244635,2.2748E-05,9.22687E-06,1.03387E-05
0.613576578,0.229989457,0.121828031,0.027462176,0.006924618,0.000137809,6.05357E-05,1.47739E-05,5.26775E-06,2.68356E-07,4.85632E-07
0.069962438,0.214740057,0.204167539,0.115965047,0.265064931,0.105089417,0.021282626,0.001455299,2.41674E-05,0.002083897,0.000164582
0.358432666,0.560438603,0.0223131,0.024281819,0.024076021,0.00046191,0.000181983,0.00201825,0.004510335,0.003164767,0.000120547
0.418856309,0.167345433,0.161134675,0.070528169,0.179529493,0.001422524,2.3268E-08,9.5751E-05,0.000560587,0.000272961,0.000254074
0.863121898,0.080753676,0.045434688,0.003798019,0.001944726,0.004126902,0.000602399,0.000136581,7.93718E-05,1.72632E-06,1.22836E-08
0.736891034,0.037408745,0.073238159,0.008844386,0.080482051,0.048569155,0.00396484,0.004855258,0.003347065,0.001657465,0.000741844
0.841373771,0.131964889,0.011131545,0.010223197,0.00110248,0.000994043,0.003036182,0.000163167,9.56314E-06,1.02629E-07,1.06048E-06
