C1,C2,C3,C4,C5,C6,C7,C8,C9,C10,C11,C12,C13
0.018410102,0.010982632,0.018000099,0.25969823,0.208989069,0.434092048,0.003488831,0.010982732,0.000298021,0.001720283,0.004254469,0.006608942,0.022474539
0.0270421,0.013453671,0.02583116,0.284456004,0.35408682,0.229011418,0.004033187,0.013453817,0.000283828,0.001775849,0.004723043,0.007833106,0.034015998
0.011371753,0.006821819,0.012635875,0.423475105,0.231610597,0.28232186,0.001958517,0.006821891,0.000145498,0.000902555,0.002190552,0.003863604,0.015880374
0.007095375,0.003923944,0.00700287,0.383233675,0.21193877,0.368551434,0.001164025,0.003923984,8.98E-05,0.000541959,0.001406231,0.002252174,0.008875752
0.012024388,0.007004862,0.01289235,0.451423424,0.252632629,0.231486386,0.002028365,0.007004938,0.000145654,0.000900058,0.002285338,0.003889651,0.016281957
0.018187588,0.013150684,0.022890681,0.457431077,0.201780736,0.229925087,0.003773638,0.013150828,0.000259119,0.001606818,0.00373962,0.006864416,0.027239709
0.0125687,0.009186649,0.015868558,0.502442688,0.16540359,0.254989812,0.00263237,0.009186746,0.000189439,0.001169696,0.002648513,0.004911419,0.01880182
0.020251125,0.01538545,0.026660893,0.435382273,0.204368187,0.233325772,0.004235083,0.015385619,0.000291438,0.001824214,0.004163602,0.007879703,0.030846641
0.009755267,0.006547759,0.011343141,0.566517235,0.145547849,0.231458815,0.001972157,0.006547827,0.000141881,0.000863731,0.002066602,0.003578115,0.013659621
0.008152892,0.00501001,0.008357098,0.43969907,0.146597937,0.370111823,0.001539347,0.005010059,0.000118352,0.000698781,0.001770707,0.002791973,0.010141951
0.0083916,0.005696651,0.00929995,0.495890259,0.121731026,0.334526014,0.001762274,0.005696707,0.00013469,0.000797849,0.001904073,0.003139407,0.011029502
0.007857966,0.00529083,0.00898094,0.580196939,0.130882588,0.243786041,0.001551781,0.005290885,0.000115318,0.000695264,0.001676194,0.002870944,0.01080431
0.005857094,0.003544301,0.005983269,0.494656623,0.112676708,0.361235621,0.001151963,0.003544335,8.82E-05,0.000516473,0.001296245,0.002051609,0.007397607
0.009525824,0.005979545,0.009876623,0.31361039,0.130751403,0.503290148,0.001943255,0.005979599,0.000162107,0.000935843,0.002248775,0.003578853,0.012117635
0.012482062,0.007628463,0.012393187,0.268754477,0.171582446,0.492894224,0.002419357,0.007628533,0.000203358,0.00116329,0.002905297,0.004490358,0.015454948
0.00510762,0.002973123,0.005148908,0.296012991,0.138230991,0.538690851,0.000914786,0.002973152,7.22E-05,0.000424483,0.001080031,0.001733928,0.006636939
0.006088409,0.003627174,0.006149182,0.291919479,0.122199453,0.553415051,0.001126706,0.003627209,9.18E-05,0.000535453,0.001343166,0.002128469,0.007748421
0.006618391,0.004010524,0.007147591,0.555952081,0.190039432,0.217914061,0.00115558,0.004010567,8.37E-05,0.000507717,0.001291887,0.002180254,0.009088262
0.014705903,0.008988979,0.014400888,0.273853115,0.165995184,0.481535415,0.00299612,0.008989057,0.000261092,0.001474791,0.003629256,0.005481469,0.01768873
0.009760457,0.005995332,0.009764547,0.266402747,0.138842133,0.542180906,0.001959051,0.005995387,0.000164133,0.000939059,0.002315189,0.003582113,0.012098945
0.008865785,0.005383149,0.00897447,0.258537456,0.141726007,0.552016328,0.00169536,0.005383199,0.000141366,0.000820618,0.002023772,0.003205228,0.011227262
0.008549856,0.005416079,0.008869992,0.291209411,0.124289701,0.537449759,0.001726478,0.005416129,0.000144324,0.000830879,0.002006071,0.003195731,0.010895588
0.005374138,0.003320652,0.005607445,0.350422476,0.111560724,0.50870913,0.001035114,0.003320684,8.13E-05,0.000477916,0.00117548,0.001910807,0.007004177
0.004484466,0.00248341,0.004359031,0.272155975,0.14596774,0.558962348,0.000758343,0.002483435,5.94E-05,0.00035372,0.000914033,0.001443975,0.00557408
0.006899909,0.004108262,0.006882271,0.282172282,0.14136077,0.539900359,0.001292825,0.004108301,0.000102913,0.000599595,0.001511366,0.002382359,0.008678787
0.01495226,0.008556795,0.015411398,0.337367154,0.342997153,0.241511757,0.002406896,0.008556889,0.000170091,0.001043574,0.002727837,0.004575242,0.019722954
0.004555652,0.002753354,0.004787034,0.412181103,0.139542469,0.423689157,0.000807531,0.002753382,6.18E-05,0.000369366,0.000924521,0.001538282,0.006036337
0.007860014,0.004472528,0.008010717,0.400452516,0.287313225,0.271271261,0.001268976,0.004472577,9.36E-05,0.000570507,0.001490045,0.002444879,0.010279113
0.007935982,0.00448878,0.007812326,0.270519814,0.164067432,0.523886137,0.001426763,0.004488822,0.000117175,0.000680062,0.00172017,0.002744433,0.010112104
0.008063446,0.004482877,0.00790528,0.294160594,0.200474816,0.463538236,0.001415787,0.004482921,0.000111944,0.000657079,0.001678962,0.002695619,0.010332438
0.003895116,0.002137298,0.003767556,0.179477954,0.119987439,0.680512946,0.000662234,0.002137318,5.41E-05,0.000317098,0.000816573,0.001296954,0.004937377
0.005637371,0.003059845,0.005354134,0.201018807,0.150335727,0.619895535,0.000975076,0.003059874,7.98E-05,0.000463457,0.001202814,0.001878746,0.007038817
0.004820429,0.002681703,0.004759686,0.194958228,0.143702138,0.636222214,0.000823875,0.002681729,6.69E-05,0.000394603,0.001002498,0.00162319,0.006262794
0.00530793,0.003048644,0.005482454,0.347331983,0.205208254,0.419142094,0.000918593,0.003048675,6.97E-05,0.000417384,0.001055252,0.001768478,0.007200605
0.006750529,0.003638403,0.006685403,0.30084793,0.32536799,0.338940019,0.001085865,0.00363844,8.34E-05,0.00049926,0.001298683,0.002154518,0.00900958
0.004711069,0.002928093,0.004976412,0.487426155,0.101622174,0.385093319,0.000921299,0.002928122,7.05E-05,0.000415923,0.001023739,0.001678261,0.006204936
0.005189246,0.002978161,0.005105029,0.370040799,0.130828354,0.472065112,0.000947167,0.002978189,7.41E-05,0.000435256,0.001118497,0.001752374,0.006487744
0.003188139,0.001885582,0.003268568,0.220601439,0.082634491,0.679674105,0.000576174,0.0018856,4.64E-05,0.00027399,0.000683162,0.001110826,0.004171571
0.007104662,0.004482771,0.007583907,0.455320989,0.1270962,0.378169161,0.001417927,0.004482815,0.000110087,0.000650795,0.00157844,0.002600682,0.009401566
0.00671559,0.004193034,0.007465665,0.430538096,0.16290978,0.368942451,0.001203749,0.004193077,9.28E-05,0.000565327,0.001365268,0.002370962,0.009444233
0.013420933,0.00793969,0.012941546,0.265876671,0.164075914,0.499377723,0.00263669,0.007939759,0.000229664,0.001301088,0.003268005,0.004889847,0.01610247
0.010066036,0.006392297,0.010448544,0.475876194,0.139194525,0.329537664,0.002197423,0.006392357,0.000164436,0.000950416,0.002363833,0.0036929,0.012723375
0.013058906,0.007861242,0.012722721,0.316828064,0.158164501,0.455254595,0.002790143,0.007861311,0.000230888,0.001293925,0.003254701,0.004841365,0.015837638
0.003670526,0.002149191,0.003673787,0.272530272,0.082650408,0.625363095,0.00068749,0.002149212,5.52E-05,0.000322672,0.000814859,0.00128167,0.004651575
0.00351221,0.002058533,0.003530718,0.211453524,0.0800313,0.68983003,0.000654862,0.002058552,5.30E-05,0.000309096,0.000774655,0.001232457,0.004501074
0.004480085,0.00259919,0.004472052,0.2259369,0.097157329,0.653232508,0.000821672,0.002599215,6.72E-05,0.000393066,0.000986118,0.001560999,0.005693707
0.00585737,0.003689474,0.006172717,0.585827741,0.108489902,0.273422567,0.001208105,0.00368951,8.92E-05,0.000522043,0.001300325,0.002093658,0.00763741
0.005397171,0.003389954,0.005675666,0.473645093,0.106624921,0.39005789,0.001074065,0.003389987,8.26E-05,0.000481903,0.001198369,0.001934333,0.007048042
0.015009231,0.00903129,0.014601054,0.282680023,0.168287957,0.469119242,0.003077478,0.009031368,0.000266242,0.001496119,0.003735516,0.00557991,0.018084572
0.004826012,0.002707808,0.004796539,0.504514506,0.164814754,0.305689747,0.000830969,0.002707835,6.23E-05,0.000371879,0.000975524,0.001553409,0.006148673
0.011026165,0.007360155,0.011948344,0.349521466,0.143871304,0.444034876,0.002335799,0.007360224,0.000187392,0.001087653,0.002585893,0.00420925,0.014471479
0.00491744,0.003167326,0.005506465,0.529749394,0.103664051,0.338731757,0.000941418,0.003167358,7.22E-05,0.00043364,0.001042785,0.001782235,0.00682398
0.005227463,0.003405605,0.005693571,0.591034861,0.101450005,0.278126695,0.001058044,0.003405639,7.90E-05,0.00046816,0.0011494,0.001893708,0.007007841
0.012058344,0.00807407,0.012850077,0.323431113,0.139250707,0.468858964,0.002652662,0.008074142,0.000222676,0.001270513,0.002984517,0.004759172,0.015513044
0.006273731,0.004062416,0.006926484,0.375058932,0.117476977,0.471927074,0.001218294,0.004062456,9.70E-05,0.000577004,0.00137407,0.002325987,0.008619605
0.0097939,0.006536266,0.01066041,0.432803602,0.128944877,0.382275027,0.002168127,0.006536327,0.000170209,0.000983703,0.002338693,0.00380415,0.012984708
0.008049661,0.005278687,0.008539345,0.394400192,0.115636449,0.444761901,0.001745391,0.005278736,0.000138375,0.000797412,0.001913387,0.003059974,0.01040049
0.003539885,0.002138183,0.003660004,0.298076023,0.081105238,0.601618575,0.000671553,0.002138203,5.38E-05,0.000314861,0.000778964,0.001263024,0.004641733
0.008211408,0.005447324,0.008859037,0.395416027,0.113814581,0.44411718,0.001790103,0.005447374,0.000143604,0.000830857,0.001967786,0.003182967,0.010771751
0.007517059,0.005070993,0.00837221,0.411734504,0.111601087,0.43333406,0.0015921,0.005071041,0.000126895,0.000742794,0.001743301,0.002912276,0.01018168
0.011429919,0.007384805,0.012001476,0.304107341,0.142728853,0.489435339,0.002367898,0.007384872,0.000201492,0.00115571,0.002752121,0.004403287,0.014646888
0.007098323,0.004517196,0.00762581,0.322278907,0.123087343,0.515004408,0.001384759,0.004517239,0.000112567,0.000659329,0.001589813,0.002633676,0.009490631
0.006137882,0.003908348,0.006844577,0.470634403,0.128056919,0.366471937,0.001171614,0.003908387,9.16E-05,0.000547867,0.001309032,0.002265262,0.008652183
0.006735577,0.00441705,0.007969284,0.587770345,0.145187,0.227747453,0.001264636,0.004417097,9.32E-05,0.000569418,0.001357601,0.002450483,0.010020871
0.006857871,0.004330812,0.007707756,0.532737042,0.149113269,0.279373723,0.001285833,0.004330857,9.56E-05,0.000580755,0.001408199,0.002429521,0.009748806
0.013577123,0.009459739,0.014673611,0.385293738,0.141037026,0.395140257,0.003251051,0.009459823,0.000262344,0.001487481,0.003472653,0.005484475,0.017400679
0.010392512,0.007553517,0.012131462,0.480602185,0.124454689,0.332607492,0.002398667,0.007553589,0.000185112,0.001087105,0.002480809,0.004218112,0.014334748
0.01229531,0.008581513,0.013593654,0.365648723,0.141715952,0.421258662,0.002766808,0.008581591,0.000223446,0.001294711,0.002984345,0.004899482,0.016155802
0.004249021,0.002789401,0.004660197,0.532819773,0.081574101,0.361611918,0.000859886,0.002789429,6.60E-05,0.000390983,0.000940714,0.001562844,0.005685737
0.012552927,0.00858066,0.013732791,0.336484102,0.142395446,0.448748918,0.002757429,0.008580736,0.000231979,0.001332778,0.003074065,0.005032649,0.01649552
0.013855718,0.009295917,0.014516868,0.343549424,0.146410384,0.431719782,0.003155081,0.009295998,0.000264182,0.001491689,0.00355408,0.005493307,0.01739757
0.014257927,0.009462761,0.014802922,0.329417363,0.149330178,0.441164319,0.003232897,0.009462843,0.000271717,0.001534386,0.003659118,0.005629006,0.017774566
0.00580299,0.003900066,0.006424656,0.5998062,0.102354573,0.264794573,0.001215736,0.003900105,8.88E-05,0.000526169,0.001283223,0.002116983,0.007785957
0.00697656,0.004800254,0.007756258,0.547816928,0.103231727,0.308750841,0.001534589,0.0048003,0.000114944,0.000675372,0.001616594,0.002646501,0.009279133
0.005429596,0.003706907,0.006203727,0.662533657,0.090196112,0.215832801,0.001129571,0.003706945,8.34E-05,0.000497872,0.001194113,0.002020034,0.007465309
0.018074694,0.013241105,0.021689915,0.467988764,0.185803051,0.23717227,0.004272233,0.013241244,0.000279906,0.001692188,0.004008094,0.006940837,0.025595698
0.01214596,0.007758906,0.012222669,0.331135747,0.143836067,0.458619236,0.002657355,0.007758974,0.000219681,0.001238604,0.003033844,0.004591551,0.014781406
0.007318607,0.004673549,0.007594136,0.319312262,0.109569938,0.53069269,0.001528821,0.004673592,0.000124973,0.000716856,0.001739306,0.002745985,0.009309285
0.011469174,0.007350191,0.011671609,0.335374018,0.135646928,0.465771273,0.002537791,0.007350255,0.000210517,0.00118799,0.002881312,0.004398878,0.014150064
0.005896935,0.003835937,0.006266783,0.443094261,0.104292074,0.419770363,0.001211682,0.003835974,9.38E-05,0.000547635,0.001343525,0.002160013,0.007650992
0.007302834,0.004743378,0.00779056,0.347833811,0.113323094,0.49800542,0.001477711,0.004743422,0.000120882,0.000703092,0.001693532,0.002740329,0.009521935
0.008000046,0.004838578,0.008309726,0.474883626,0.20898795,0.273359841,0.001404307,0.00483863,0.000102754,0.000617278,0.001611613,0.002601437,0.010444214
0.008929532,0.005583899,0.00961425,0.526190579,0.183084638,0.241825787,0.001623405,0.005583958,0.000118778,0.000715648,0.001817213,0.003011913,0.011900398
0.006839747,0.004168616,0.006882099,0.374667041,0.116363262,0.472288238,0.001357271,0.004168655,0.000108785,0.000630055,0.001583018,0.00244764,0.008495574
0.018961045,0.012627376,0.019411412,0.328789005,0.163576622,0.400839206,0.004647716,0.012627482,0.000392446,0.002170394,0.005129071,0.007692788,0.023135437
0.012662089,0.00808502,0.012794524,0.344861229,0.148262843,0.437582012,0.002795421,0.008085093,0.000225618,0.001283012,0.003137221,0.004758728,0.01546719
0.009483067,0.006054745,0.009779357,0.374496102,0.125804111,0.44725639,0.002094975,0.0060548,0.000167195,0.000954986,0.002310567,0.003597033,0.011946671
0.012247814,0.007489514,0.012838806,0.486832883,0.181890606,0.264427992,0.002544899,0.007489589,0.000178729,0.001061128,0.002671738,0.004304689,0.016021614
0.008603302,0.004938036,0.008593358,0.482336569,0.17658305,0.296021091,0.001610739,0.004938085,0.000118926,0.000707456,0.001813277,0.002871084,0.010865026
0.005758743,0.003583061,0.006092789,0.527593131,0.109684059,0.330943354,0.001160943,0.003583096,8.84E-05,0.000520717,0.001279435,0.002085316,0.007626941
0.005808043,0.003416637,0.005836197,0.449824717,0.121327478,0.397927602,0.001128875,0.003416669,8.73E-05,0.000510171,0.00128978,0.002035056,0.007391464
0.006952821,0.003824084,0.0066187,0.360713922,0.15282423,0.45099261,0.001277185,0.00382412,9.97E-05,0.000583768,0.001519068,0.002317111,0.008452642
0.00493342,0.002770594,0.004935385,0.419394099,0.142072121,0.412733102,0.000879977,0.002770622,6.73E-05,0.000401935,0.001026109,0.001646149,0.006369164
0.008647773,0.005446571,0.009267608,0.463757153,0.142830032,0.345469164,0.001775027,0.005446625,0.000132302,0.000789275,0.001899759,0.003139012,0.011399701
0.008318644,0.005125255,0.008695962,0.443133999,0.146047964,0.365176819,0.001643671,0.005125304,0.000128082,0.000751112,0.001870474,0.003014029,0.010968684
0.00851389,0.004923923,0.008731629,0.399574769,0.210077687,0.344794898,0.001529446,0.004923973,0.00011637,0.000692911,0.001776683,0.002898391,0.01144543
0.00390092,0.002356955,0.004059167,0.386137442,0.104153156,0.488599367,0.000721007,0.002356979,5.57E-05,0.000330311,0.000829798,0.001348601,0.005150573
0.011869706,0.007528175,0.012661656,0.467162626,0.168869351,0.297911069,0.002485844,0.007528248,0.00018297,0.001072293,0.002676072,0.004320894,0.015731096
0.005861938,0.00359083,0.006148327,0.307336176,0.125560497,0.535058779,0.001090407,0.003590865,8.73E-05,0.000514921,0.001276424,0.002085047,0.007798445
0.008421073,0.005728683,0.009830486,0.506790408,0.153203477,0.290757118,0.001662234,0.005728743,0.000122433,0.00074258,0.001778185,0.003099613,0.012134966
0.013251093,0.008312684,0.014137928,0.487658117,0.179910082,0.259671635,0.002653323,0.008312767,0.000192335,0.001146692,0.002877869,0.004662914,0.017212562
0.136283398,0.036454499,0.082197838,0.140131084,0.219894176,0.139393631,0.011279012,0.036454866,0.000825697,0.005325184,0.017262722,0.027789701,0.146708191
0.100208775,0.026113881,0.060338658,0.156345033,0.312463407,0.168263114,0.007484517,0.026114151,0.000589156,0.003781928,0.011931021,0.018959244,0.107407115
0.064180869,0.018623188,0.041330193,0.158887502,0.420601436,0.179163266,0.005193518,0.018623385,0.0004081,0.00257432,0.008058208,0.012615146,0.069740868
0.018317149,0.007068049,0.014188741,0.142647375,0.58125651,0.19768452,0.002083653,0.007068121,0.000166734,0.001019144,0.002959008,0.004568501,0.020972496
0.10336758,0.023073482,0.051664331,0.151726458,0.359570233,0.163860904,0.006449185,0.023073729,0.000495492,0.003150221,0.010934181,0.015676162,0.086958041
0.031356124,0.01146855,0.024060915,0.171192549,0.481235308,0.214641534,0.003304887,0.011468668,0.000268429,0.001668673,0.004872388,0.00763643,0.036825546
0.012645741,0.005842316,0.010948446,0.205916497,0.42376882,0.31077198,0.001870766,0.005842373,0.000145832,0.000868481,0.002376819,0.003685829,0.015316101
0.017113857,0.006987373,0.012730832,0.195581409,0.426415966,0.30504139,0.002351678,0.006987439,0.000188502,0.001099818,0.003315018,0.004520051,0.017666668
0.029974614,0.010105252,0.020466855,0.154034982,0.539449653,0.188481427,0.003066364,0.010105356,0.000239627,0.001463516,0.004591288,0.006620449,0.031400616
0.016051631,0.007668144,0.013664799,0.211624502,0.267961892,0.444643639,0.00248131,0.007668214,0.000217482,0.001260612,0.003394735,0.005012689,0.018350352
0.008940663,0.00421736,0.007729522,0.185348906,0.35778028,0.414829226,0.001314974,0.004217402,0.00010606,0.000631582,0.001736089,0.002624035,0.010523901
0.007421507,0.003665426,0.006669562,0.182786571,0.284943882,0.496362948,0.001131206,0.003665462,9.23E-05,0.00054789,0.001462332,0.002270674,0.008980252
0.010065203,0.005194046,0.009316109,0.216382176,0.244897534,0.488855644,0.001617203,0.005194096,0.000132337,0.000786106,0.002042799,0.003203002,0.012313745
0.010459831,0.005177423,0.009918366,0.2056012,0.389030508,0.353343238,0.001522516,0.005177476,0.00012244,0.000746482,0.001946941,0.003220319,0.013733259
0.012744781,0.005737369,0.01138061,0.168564804,0.551707082,0.219894441,0.001638816,0.00573743,0.000128135,0.00079055,0.002135297,0.003520624,0.016020061
0.011638915,0.005453425,0.011167874,0.158905379,0.628629575,0.155281358,0.001470433,0.005453485,0.000110456,0.00069024,0.001855563,0.003221977,0.016121319
0.025249348,0.010766526,0.02314345,0.169899033,0.514884461,0.19544563,0.002768743,0.010766643,0.000219144,0.00138802,0.003782872,0.006653541,0.035032588
0.011471439,0.005357124,0.010110312,0.17135521,0.504558261,0.269736848,0.001553798,0.005357178,0.000124708,0.000750339,0.0020778,0.003276983,0.01427
0.016194858,0.006906975,0.0140192,0.14177991,0.619613555,0.164375774,0.001840754,0.006907051,0.000142766,0.000886886,0.002511301,0.004131896,0.020689074
0.01308843,0.005863454,0.011300475,0.156972392,0.548246835,0.234257941,0.001636477,0.005863514,0.00013285,0.000808256,0.00225717,0.003586194,0.015986013
0.008812049,0.00473375,0.008792232,0.251610316,0.376828762,0.326106806,0.001337796,0.0047338,0.000104087,0.000632549,0.001656901,0.002753239,0.011897713
0.011504781,0.005432075,0.010503291,0.176577074,0.519363612,0.248436496,0.001564042,0.005432131,0.000123322,0.000751703,0.002038922,0.003325401,0.014947149
0.015082438,0.007346907,0.013041774,0.198534778,0.318978732,0.411013524,0.002214684,0.007346977,0.000188256,0.001103892,0.003030806,0.004546514,0.017570717
0.015103863,0.008145657,0.014023533,0.225604775,0.230666172,0.467621164,0.002506368,0.008145731,0.000220376,0.001272135,0.003296565,0.005079099,0.018314562
0.032726943,0.013170231,0.024814198,0.180433755,0.415547071,0.264093956,0.003757209,0.013170359,0.000323333,0.001925868,0.005721579,0.008439826,0.035875673
0.018938197,0.008087618,0.016058121,0.164623543,0.527736757,0.221906901,0.002199526,0.008087702,0.000179215,0.001102359,0.003100413,0.004997244,0.022982405
0.030826268,0.013510286,0.027412102,0.197986048,0.470153558,0.190981877,0.003403922,0.013510442,0.000251314,0.00159627,0.004521913,0.007514873,0.038331127
0.010881981,0.006042505,0.010063426,0.264823933,0.161661645,0.518251426,0.002083984,0.006042559,0.000173718,0.000988415,0.002551676,0.003756301,0.01267843
0.005556574,0.003144164,0.00531619,0.293873565,0.117898009,0.559604444,0.0010498,0.003144193,8.32E-05,0.000481972,0.001239456,0.001887883,0.006720576
0.01064306,0.006004884,0.009930729,0.253425578,0.157213257,0.534638104,0.00207552,0.006004938,0.000174656,0.000987511,0.002528211,0.003742107,0.012631444
0.012785186,0.007044008,0.011571953,0.3004217,0.182341863,0.452667381,0.00254833,0.00704407,0.000207241,0.001158952,0.003072276,0.004396325,0.014740716
0.005710236,0.002880282,0.005260685,0.269106275,0.399539216,0.303341626,0.000886508,0.002880311,6.73E-05,0.000401027,0.001097094,0.001710195,0.00711925
0.002960789,0.00159064,0.002814037,0.232652689,0.120739305,0.631637999,0.000500023,0.001590655,3.92E-05,0.000231008,0.000611693,0.000949608,0.003682338
0.004100264,0.002208223,0.003854295,0.203428577,0.128299147,0.64754104,0.000713153,0.002208244,5.70E-05,0.00033185,0.000868617,0.001341608,0.005047993
0.003425391,0.001853026,0.003218321,0.18382593,0.113893062,0.685002603,0.000589931,0.001853044,4.70E-05,0.00027461,0.000720981,0.001110129,0.004186015
0.003604684,0.001881547,0.003328113,0.162793453,0.152942628,0.666399307,0.000582549,0.001881565,4.70E-05,0.000276128,0.000735356,0.001133655,0.004394031
0.00662532,0.003323064,0.005940265,0.23611941,0.239967554,0.491815896,0.001060256,0.003323097,8.43E-05,0.000494746,0.001339494,0.002025601,0.007880975
0.00706617,0.003652535,0.006375273,0.240045766,0.180283654,0.544987371,0.00119909,0.00365257,9.74E-05,0.000564991,0.001508686,0.002254461,0.008312029
0.005040184,0.002759183,0.004896002,0.350951026,0.173461688,0.449753864,0.000874261,0.002759211,6.72E-05,0.000398598,0.001030714,0.001638994,0.006369121
0.004871866,0.002576155,0.004588854,0.216949166,0.161202316,0.597419908,0.000811075,0.00257618,6.49E-05,0.000384071,0.000997318,0.001564034,0.005994142
0.013205632,0.007642489,0.012450321,0.348843763,0.174522415,0.408127346,0.002784623,0.007642557,0.000217381,0.001230269,0.00317533,0.00464688,0.015510993
0.003631379,0.002044994,0.003515761,0.227438383,0.091979224,0.66181006,0.000661852,0.002045014,5.27E-05,0.000307366,0.000791995,0.001225104,0.004496118
0.007849112,0.004322326,0.007218382,0.268591929,0.142820637,0.548948911,0.001483851,0.004322366,0.00012057,0.000687685,0.001816146,0.002647768,0.009170317
0.009879323,0.006039781,0.009970551,0.464257556,0.164188244,0.318529833,0.002036326,0.006039841,0.000147701,0.000861085,0.002220533,0.003415721,0.012413504
0.006052569,0.003478316,0.005897757,0.415755777,0.164421971,0.388463513,0.001103994,0.003478351,8.29E-05,0.000487119,0.001286068,0.001977346,0.007514337
0.004500305,0.002670993,0.004497258,0.453608591,0.100313071,0.422206533,0.000874788,0.002671019,6.71E-05,0.000391117,0.000995603,0.001552921,0.005650686
0.008137584,0.004423625,0.007885737,0.449779891,0.261160309,0.247823349,0.001387124,0.004423671,9.90E-05,0.000593747,0.001586261,0.00250578,0.010193892
0.004466929,0.002497719,0.004241171,0.182605464,0.105506669,0.689062567,0.00079411,0.002497743,6.49E-05,0.000376397,0.000977176,0.001488735,0.005420451
0.012760723,0.006867231,0.01279325,0.349994496,0.370014601,0.214534836,0.001999505,0.006867307,0.000141212,0.000868374,0.002347041,0.003843337,0.016968086
0.006915642,0.003650663,0.006706035,0.33173909,0.360914938,0.272465501,0.001084242,0.003650701,8.07E-05,0.000486182,0.001299008,0.002095199,0.008912051
0.00538837,0.002830083,0.00501237,0.241062115,0.206094942,0.525962542,0.000890259,0.00283011,7.01E-05,0.000413418,0.001107231,0.001699643,0.006638865
0.010379882,0.005038357,0.009387259,0.23093264,0.521751467,0.197659541,0.001500297,0.005038411,0.000108772,0.000660375,0.001850392,0.002899261,0.012793345
0.006537984,0.003540431,0.006117866,0.209007117,0.175961008,0.582157592,0.001087857,0.003540465,8.93E-05,0.000521462,0.001379155,0.002111277,0.007948505
0.010492069,0.005788296,0.009762802,0.220092553,0.174960572,0.551618808,0.001871056,0.005788348,0.000160997,0.000917435,0.002373047,0.003585277,0.012588742
0.00603774,0.003188787,0.005618476,0.254893543,0.220239309,0.494791575,0.001002962,0.003188818,7.85E-05,0.000461025,0.001224909,0.001896259,0.007378077
0.004776974,0.002504697,0.004494972,0.244762494,0.263254032,0.468091049,0.000764955,0.002504722,5.97E-05,0.000353413,0.00094397,0.001484991,0.006004001
0.006547582,0.003692713,0.006293661,0.194248632,0.134069096,0.637899962,0.001158332,0.003692748,9.73E-05,0.000563716,0.001438869,0.002233103,0.008064285
0.005474229,0.00318513,0.005366764,0.216345428,0.108684482,0.646175054,0.001031661,0.00318516,8.50E-05,0.000489284,0.00123056,0.001920685,0.006826587
0.003336202,0.001900076,0.00325886,0.202306233,0.082707295,0.697568325,0.000616384,0.001900094,4.95E-05,0.000287555,0.000732154,0.001144708,0.004192596
0.009876076,0.00495888,0.008452655,0.208001707,0.207069966,0.537802242,0.001661761,0.004958925,0.000138032,0.000789416,0.002163127,0.003085926,0.011041286
0.004057362,0.00210987,0.003705495,0.17767283,0.170125868,0.632292637,0.000656248,0.002109891,5.20E-05,0.000305784,0.000822531,0.001250167,0.004839345
0.015782079,0.007081023,0.0126193,0.215005263,0.394248395,0.320644259,0.002242377,0.007081093,0.000175942,0.001039234,0.003006046,0.004276286,0.016798702
0.007977132,0.003802666,0.006996325,0.17502672,0.580284961,0.207358981,0.001100465,0.003802706,8.39E-05,0.00050435,0.001418667,0.002192034,0.009451133
0.007317154,0.003744105,0.006433625,0.213543058,0.192545642,0.558650578,0.001193154,0.00374414,9.81E-05,0.000569027,0.001558154,0.00226721,0.008336019
0.009424487,0.004693633,0.008152007,0.255746741,0.271574761,0.428010704,0.001493145,0.004693678,0.000119622,0.000697744,0.00193825,0.002826135,0.010629093
0.005729795,0.002937494,0.005118746,0.241337696,0.240029206,0.490980772,0.000913085,0.002937523,7.12E-05,0.000418646,0.001157549,0.001716328,0.006651946
0.005188205,0.002778918,0.004848246,0.327652128,0.210379827,0.436180048,0.000863941,0.002778946,6.56E-05,0.000388098,0.001044067,0.001598226,0.006233726
0.004639209,0.002572603,0.004375426,0.203951349,0.106251799,0.666241358,0.000824056,0.002572627,6.75E-05,0.00039151,0.001017508,0.001542867,0.00555215
0.006831575,0.003583011,0.00615043,0.190167087,0.154120771,0.622082436,0.00117059,0.003583044,9.71E-05,0.000560847,0.001489415,0.002207063,0.00795664
0.008859064,0.004238182,0.007602347,0.200585544,0.33773959,0.4203148,0.001317324,0.004238224,0.000105188,0.000621702,0.001724336,0.002566905,0.010086794
0.007696334,0.003796865,0.006749123,0.195746582,0.282714491,0.48492741,0.001170118,0.003796901,9.50E-05,0.000558896,0.001529482,0.002300238,0.008918593
0.007070291,0.003420948,0.006119426,0.223994531,0.381883938,0.360985016,0.001053149,0.003420983,8.19E-05,0.000486521,0.0013634,0.00202432,0.008095599
0.007113757,0.00365407,0.006578728,0.242770406,0.281290387,0.44101377,0.001093199,0.003654107,8.73E-05,0.000522835,0.001400407,0.002176303,0.008644755
0.006352214,0.003122875,0.005811731,0.197922554,0.439273107,0.332071889,0.000930447,0.003122907,7.26E-05,0.000439184,0.001178073,0.001871037,0.007831363
0.012641998,0.005949803,0.010964941,0.235877749,0.442001006,0.263074863,0.001828869,0.005949864,0.000139279,0.000836724,0.002327756,0.00357319,0.014833958
0.008897382,0.004227159,0.007651491,0.17424533,0.328494778,0.455363434,0.001305941,0.0042272,0.000108836,0.000638445,0.001759446,0.002647109,0.010433448
0.008961845,0.00436615,0.007717109,0.197462506,0.255546926,0.504699466,0.001375646,0.004366192,0.000113767,0.00066715,0.001839511,0.002694264,0.010189469
0.007449097,0.0040609,0.006948453,0.195867631,0.148893486,0.617616623,0.001294057,0.004060938,0.000109156,0.00063274,0.001641039,0.002488884,0.008936995
0.009210493,0.004828878,0.008515173,0.205666913,0.246471068,0.501943593,0.001494034,0.004828925,0.000122651,0.000717709,0.001890992,0.002944703,0.011364868
0.010680403,0.005450687,0.009458087,0.217307429,0.216976776,0.513788621,0.001757929,0.005450737,0.000148861,0.000856939,0.002293862,0.003405511,0.012424157
0.008992919,0.004507897,0.008163267,0.203542488,0.313567893,0.438969736,0.00138819,0.004507942,0.000111753,0.000660445,0.00176644,0.002758498,0.011062532
0.017139819,0.007710709,0.014009364,0.198993146,0.357306226,0.366075457,0.002358896,0.007710782,0.000201018,0.001178443,0.003350878,0.004886254,0.019079007
0.008218787,0.003967739,0.007267676,0.185490694,0.353055541,0.422294563,0.001201392,0.003967778,9.76E-05,0.000580775,0.001588178,0.002437924,0.009831358
0.011721138,0.0053267,0.009938246,0.165385489,0.500732895,0.279998491,0.001536517,0.005326754,0.000124991,0.000749355,0.002127767,0.003240312,0.013791345
0.016584935,0.006159091,0.012453965,0.119612841,0.669899595,0.141218878,0.001781126,0.006159155,0.000136982,0.000837569,0.002536196,0.003864468,0.0187552
0.008530491,0.003712203,0.007120698,0.127697266,0.668793014,0.164876898,0.001129303,0.003712242,8.52E-05,0.000514088,0.001468099,0.002264742,0.010095791
0.021154979,0.007916652,0.01623972,0.13518668,0.626342378,0.14901305,0.002246242,0.007916738,0.0001681,0.001040338,0.003122766,0.004880681,0.024771675
0.007474567,0.003129637,0.00633244,0.091097159,0.769367043,0.105656377,0.000895636,0.003129671,6.84E-05,0.000421672,0.001198528,0.001925457,0.009303414
0.0202436,0.008038005,0.016537034,0.163324044,0.589263919,0.157995433,0.002359577,0.008038092,0.000172515,0.001069731,0.003122765,0.004994142,0.024841142
0.010391887,0.004539792,0.008882844,0.150313746,0.606975848,0.194955377,0.001347187,0.004539838,0.000105471,0.000638624,0.001793805,0.002842642,0.012672938
0.015293317,0.007610405,0.013138028,0.225030758,0.242296529,0.459293093,0.002509069,0.007610473,0.000218233,0.00124388,0.003421813,0.004900508,0.017433896
0.007954165,0.004047731,0.007198159,0.207028341,0.208379999,0.545622354,0.001288078,0.00404777,0.000106746,0.000622813,0.00165864,0.002524483,0.009520721
0.010598547,0.005556399,0.009784334,0.22642245,0.229909027,0.490971014,0.001710677,0.005556451,0.000143741,0.000838665,0.002228917,0.003419895,0.012859883
0.010708786,0.005278927,0.009209412,0.221325471,0.262262289,0.4652375,0.001765011,0.005278976,0.000143772,0.000822939,0.002277814,0.003322091,0.012367012
0.01017809,0.004685615,0.008607048,0.181766322,0.511376316,0.259693579,0.00144969,0.004685661,0.000112793,0.000665192,0.001901919,0.002865257,0.012012518
0.005026434,0.002667158,0.00470863,0.339210296,0.249907964,0.385775306,0.000838297,0.002667185,6.30E-05,0.000371692,0.001007615,0.0015531,0.006203363
0.009830871,0.004651485,0.008740029,0.219537908,0.539659594,0.194236829,0.001406223,0.004651534,0.00010289,0.000621131,0.001768338,0.00273632,0.012056849
0.005578311,0.002984027,0.00521586,0.227728951,0.14919925,0.594901599,0.000978057,0.002984056,7.88E-05,0.000457148,0.001202398,0.001840759,0.006850757
0.008877975,0.004645458,0.008260891,0.375125174,0.280294218,0.300403215,0.001514029,0.004645505,0.00011112,0.00065786,0.001793211,0.002746187,0.010925156
0.02315841,0.010184114,0.020165404,0.228796754,0.462887406,0.201224176,0.003009548,0.010184224,0.000217518,0.001340514,0.003883253,0.006107079,0.0288416
0.029359626,0.011323793,0.020029358,0.194364431,0.400952556,0.28615352,0.003680358,0.011323898,0.000308778,0.001778184,0.005699901,0.007293588,0.027732009
0.030678294,0.011620792,0.020851219,0.186795351,0.422955066,0.267274944,0.003678742,0.011620902,0.000304974,0.00177225,0.005721,0.007416787,0.029309679
0.026821644,0.009647519,0.018463599,0.160541492,0.544876269,0.188176581,0.002931489,0.009647619,0.000222477,0.001341787,0.004302204,0.005976021,0.027051299
0.017714178,0.007286713,0.013222422,0.193943788,0.471884989,0.2588802,0.002336062,0.007286785,0.000183149,0.001071589,0.003319282,0.004522267,0.018348577
0.013578513,0.00565789,0.010324973,0.16974447,0.512119958,0.259823047,0.001785934,0.005657946,0.000142176,0.000834306,0.002504555,0.003522507,0.014303726
0.008468884,0.003702254,0.006872314,0.134179535,0.592795945,0.235127782,0.0011309,0.003702291,8.95E-05,0.000532597,0.001537563,0.002278923,0.009581512
0.012150436,0.004890096,0.009468663,0.126032998,0.67117029,0.15076572,0.001447798,0.004890147,0.00010962,0.000668011,0.001972596,0.002967352,0.013466274
0.009761426,0.004028576,0.007598904,0.130990685,0.623896421,0.202858226,0.001233245,0.004028617,9.75E-05,0.000583894,0.001729687,0.002508238,0.010684561
0.030666708,0.011636064,0.021050317,0.194122632,0.406631114,0.276806593,0.003612936,0.011636175,0.000303222,0.001779886,0.005609442,0.007372927,0.028771984
0.012280179,0.006203765,0.01068295,0.221539745,0.226439744,0.493310728,0.00196619,0.006203823,0.000167122,0.000970177,0.002635001,0.003818901,0.013781675
0.027047359,0.013919767,0.022938675,0.231469894,0.238070878,0.399140674,0.004822062,0.013919883,0.000448954,0.002484177,0.006690824,0.009250853,0.029796
0.011771354,0.006062543,0.010416867,0.204784457,0.217197148,0.520675501,0.001923969,0.006062598,0.000166038,0.00095802,0.002567136,0.003783006,0.013631362
0.008756929,0.004277344,0.007619182,0.182436438,0.298221192,0.47773809,0.001323995,0.004277386,0.000108687,0.000639219,0.001754004,0.002627781,0.010219751
0.009234103,0.00428804,0.007897102,0.168418227,0.420811044,0.367893994,0.001292956,0.004288082,0.000104895,0.000624528,0.001733682,0.002629418,0.010783929
0.01140353,0.00566663,0.010029085,0.196778371,0.253804951,0.494712552,0.001754386,0.005666683,0.000149408,0.000873838,0.002347484,0.003530382,0.013282701
0.018947459,0.010519312,0.017262658,0.241890603,0.201734846,0.460351357,0.00353135,0.010519402,0.000319256,0.001793484,0.004606652,0.006692054,0.021831567
0.011401496,0.005277933,0.009915479,0.179929986,0.52926507,0.237613462,0.001577202,0.005277988,0.000120122,0.000723463,0.002011955,0.003145454,0.01374039
0.134006032,0.035354069,0.071957236,0.157878966,0.2601524,0.148621139,0.010055495,0.035354469,0.000665864,0.004261461,0.01525401,0.020987804,0.105451055
0.018237366,0.007347492,0.014233921,0.166522098,0.536884997,0.21865461,0.00211766,0.007347567,0.000169375,0.001030311,0.00301072,0.004522727,0.019921155
0.027921708,0.014751575,0.029400363,0.298538926,0.348484617,0.206297736,0.004184008,0.01475174,0.000288923,0.001807641,0.004833193,0.008421991,0.040317579
0.018061599,0.008612965,0.016224789,0.235494152,0.459463925,0.219593188,0.00245117,0.008613059,0.000179857,0.00109901,0.003141393,0.004881661,0.022183232
0.006792655,0.00385292,0.006648545,0.279166968,0.157089947,0.528524797,0.001190165,0.003852957,9.58E-05,0.000560591,0.001453728,0.00226635,0.008504607
0.010870463,0.005672261,0.01051569,0.245237624,0.431140597,0.268671618,0.001644049,0.00567232,0.000124391,0.000753338,0.002017273,0.003309842,0.014370534
0.032815009,0.014508188,0.028605288,0.21199579,0.446458638,0.189255031,0.004124085,0.01450835,0.000287678,0.00178402,0.005220755,0.008422312,0.042014854
0.007774104,0.004228923,0.007407868,0.214074568,0.201053987,0.545198515,0.001316232,0.004228964,0.000107182,0.000628077,0.00163099,0.00256573,0.00978486
0.011883709,0.006457367,0.011848043,0.375385399,0.298900128,0.264005584,0.002003658,0.006457434,0.000146715,0.000884833,0.002331312,0.003798288,0.015897528
0.008986495,0.004685476,0.00880815,0.292819499,0.379904322,0.281268414,0.001439928,0.004685524,0.00010718,0.000648823,0.00170044,0.002814535,0.012131214
0.015165038,0.008195913,0.014295946,0.320884711,0.320628676,0.282150675,0.002591655,0.008195997,0.0001871,0.001112249,0.003035565,0.004696879,0.018859598
0.007683244,0.004030158,0.007111747,0.230869239,0.219586501,0.511157729,0.001294526,0.004030197,0.000103732,0.000607628,0.001600942,0.002477902,0.009446453
0.009317171,0.004519461,0.00831854,0.208876992,0.418044329,0.32857353,0.001328618,0.004519507,0.00010593,0.000636192,0.001768629,0.002714888,0.011276214
0.012988343,0.005483059,0.010451528,0.171368231,0.547111663,0.224062759,0.001699707,0.005483115,0.000130844,0.000785281,0.002291733,0.003396603,0.014747135
0.015616179,0.007689111,0.013304321,0.232935765,0.253554308,0.439106759,0.002557111,0.00768918,0.000218754,0.001245894,0.003466602,0.004933015,0.017683002
0.015257597,0.007272043,0.012357283,0.252841533,0.310861489,0.366224195,0.002499684,0.007272112,0.000195124,0.001112879,0.003252758,0.004444572,0.01640873
0.010144403,0.005042226,0.008599169,0.231553886,0.20956669,0.510686186,0.001736521,0.005042271,0.000142982,0.00081308,0.00225325,0.003169248,0.011250089
0.010010836,0.00455005,0.008228318,0.226367843,0.423495147,0.304684922,0.00148605,0.004550095,0.00011372,0.000670954,0.001932053,0.00278344,0.011126572
0.019181135,0.008122704,0.014649096,0.219795277,0.461299639,0.236546617,0.002614531,0.008122786,0.000194381,0.00115286,0.003508608,0.004871332,0.019941034
0.009034702,0.004696158,0.008226207,0.337075768,0.23408763,0.384224996,0.00158119,0.004696204,0.000120042,0.000703085,0.001901341,0.002845368,0.010807309
0.00864192,0.00443333,0.007725603,0.322893223,0.24567645,0.389596445,0.001455101,0.004433373,0.000110024,0.000648727,0.001777609,0.002619006,0.009989187
0.076530143,0.022126657,0.043661385,0.189188263,0.352356007,0.194129729,0.007070601,0.022126881,0.000527947,0.003220265,0.011127168,0.014458108,0.063476845
0.013981069,0.006466648,0.01194221,0.260579341,0.395032522,0.280051616,0.00199548,0.006466714,0.000153695,0.000923625,0.002602304,0.003895236,0.015909542
0.006938595,0.003873524,0.006825187,0.26301451,0.184955013,0.516119994,0.001200048,0.003873562,9.47E-05,0.000559592,0.001428587,0.002299209,0.008817492
0.014137275,0.006606617,0.012014635,0.217054595,0.348653242,0.369035687,0.002021063,0.006606681,0.000165019,0.000982575,0.002721688,0.004069356,0.015931568
0.019269897,0.008125603,0.0155186,0.201158997,0.496616758,0.217856549,0.002493625,0.008125687,0.000185112,0.001124545,0.003251055,0.004919911,0.021353661
0.013517408,0.00689791,0.012525186,0.330482109,0.348623168,0.254465519,0.002189188,0.006897981,0.000156876,0.000937675,0.002606114,0.004020689,0.016680178
0.006381054,0.003665449,0.00630177,0.484373058,0.158999951,0.32340872,0.00116698,0.003665486,8.70E-05,0.000512764,0.001352287,0.002098427,0.007987021
0.026506332,0.016031247,0.025241725,0.261769594,0.199804427,0.397146216,0.00565338,0.016031376,0.000526752,0.002897361,0.007072329,0.010312608,0.031006653
0.021274062,0.012697414,0.020328439,0.260055751,0.194153603,0.433387097,0.004311671,0.012697521,0.000389601,0.002181738,0.005391439,0.007980441,0.025151223
0.010251508,0.00644625,0.011440111,0.376993814,0.224832747,0.340684799,0.001768225,0.006446318,0.000137482,0.000836074,0.002053956,0.003581834,0.014526881
0.012630056,0.007347887,0.01326738,0.266140721,0.265525665,0.400410613,0.002030852,0.007347961,0.000166365,0.00100159,0.002494619,0.004269985,0.017366306
0.015816514,0.009747726,0.018267231,0.333295044,0.322617923,0.254448879,0.002567887,0.009747835,0.000187623,0.001169517,0.002897945,0.005270325,0.023965551
0.013914411,0.00766066,0.014338761,0.259925922,0.354544524,0.312265,0.002093999,0.007660741,0.000165062,0.001004939,0.002597766,0.0044382,0.019390015
0.017671479,0.009783068,0.018710477,0.303486957,0.380052041,0.222519353,0.002666424,0.009783178,0.000191492,0.001184649,0.003142528,0.005404539,0.025403814
0.03284957,0.017304005,0.036760149,0.245718367,0.380620392,0.195195799,0.004305807,0.017304213,0.000303103,0.001960492,0.005163774,0.009583688,0.052930642
0.01230082,0.00699367,0.012520999,0.25393173,0.241383627,0.439144173,0.002071275,0.006993737,0.000171855,0.001019427,0.002546916,0.004252072,0.016669698
0.021738954,0.009366577,0.018543167,0.18216232,0.513516747,0.204884461,0.002594407,0.009366675,0.000202343,0.001236987,0.0035852,0.005715381,0.02708678
0.078204046,0.025676961,0.052284389,0.179243806,0.341907819,0.17633296,0.007238926,0.025677239,0.000523532,0.00324967,0.011020392,0.015970067,0.082670193
0.031644482,0.015179441,0.02874296,0.231845872,0.403375409,0.212727167,0.004331546,0.015179607,0.000309386,0.001886397,0.005393605,0.008747103,0.040637026
0.041509985,0.021736381,0.042840363,0.230840778,0.326509841,0.223910833,0.006093218,0.021736613,0.000448808,0.00276901,0.007139854,0.013011124,0.061453191
0.018147943,0.010053762,0.01887028,0.283405588,0.329569308,0.292075011,0.002690683,0.010053869,0.000211466,0.001299787,0.003338674,0.005718574,0.024565056
