C1,C2,C3,C4
0.038039725,0.017370884,0.915432936,0.029156455
0.170978197,0.068949859,0.658936565,0.101135379
0.027383699,0.013807228,0.935563484,0.023245589
0.026997052,0.011812528,0.939587148,0.021603272
0.021320056,0.009888849,0.952051657,0.016739438
0.048441394,0.024122495,0.887812438,0.039623674
0.071190472,0.032345704,0.845489556,0.050974268
0.063743014,0.032847993,0.830238815,0.073170178
0.022766727,0.010764325,0.948402667,0.018066281
0.008836663,0.004064505,0.979866539,0.007232293
0.021090649,0.010313196,0.948175301,0.020420854
0.031307848,0.016171176,0.920163563,0.032357414
0.015154822,0.006929118,0.965838599,0.012077461
0.036481472,0.01879441,0.905904165,0.038819953
0.014170921,0.006481009,0.968031128,0.011316942
0.015725014,0.007466565,0.964037447,0.012770974
0.008862379,0.004300297,0.978279203,0.00855812
0.032885122,0.016502141,0.916136565,0.034476171
0.00403116,0.001932417,0.990450286,0.003586137
0.008670648,0.004066681,0.980093865,0.007168806
0.033010849,0.015466242,0.925296948,0.026225961
0.025794345,0.012282757,0.941345875,0.020577024
0.016271562,0.008003772,0.961736543,0.013988124
0.01413952,0.006720494,0.96647864,0.012661346
0.035247435,0.017013356,0.920003812,0.027735397
0.013757283,0.0064104,0.968762242,0.011070076
0.025794345,0.012282757,0.941345875,0.020577024
0.023185653,0.010548416,0.948263141,0.01800279
0.005113971,0.002473313,0.987741443,0.004671273
0.007127777,0.003364401,0.983491525,0.006016297
0.012760907,0.006092005,0.970586076,0.010561012
0.012760907,0.006092005,0.970586076,0.010561012
0.012019366,0.005717205,0.97061928,0.011644149
0.009511518,0.004686606,0.976630031,0.009171845
0.031782836,0.015223726,0.92007981,0.032913628
0.121871172,0.069235384,0.643996788,0.164896656
0.02523869,0.012313312,0.936544163,0.025903834
0.021903167,0.009792457,0.950636667,0.01766771
0.021363482,0.0107544,0.946220351,0.021661767
0.053069107,0.021795889,0.884920551,0.040214453
0.041121955,0.020905379,0.893724527,0.044248139
0.007329789,0.003445602,0.982330263,0.006894346
0.0964942,0.053916337,0.729242581,0.120346881
0.014918915,0.007428369,0.962897792,0.014754924
0.012253769,0.005954271,0.96997128,0.01182068
0.002642321,0.001277131,0.993660172,0.002420375
0.006510036,0.002941291,0.985112793,0.005435879
0.041121955,0.020905379,0.893724527,0.044248139
0.021260676,0.009915162,0.948144692,0.02067947
0.027417909,0.013331402,0.931032379,0.02821831
0.783245854,0.083001009,0.047002059,0.086751079
0.813804383,0.109878794,0.018998302,0.057318521
0.633171818,0.247538285,0.029735441,0.089554456
0.689579223,0.217350451,0.016633261,0.076437065
0.481113809,0.138901639,0.224207015,0.155777537
0.426258651,0.099826318,0.193163154,0.280751877
0.958733477,0.016241202,0.005528821,0.0194965
0.80122506,0.073757457,0.042290343,0.08272714
0.975417584,0.012514079,0.002339668,0.009728669
0.787823611,0.13578442,0.01665904,0.059732929
0.694023543,0.120323587,0.075131927,0.110520943
0.876594092,0.045370803,0.021824849,0.056210256
0.802993304,0.096492577,0.03108966,0.069424459
0.68768791,0.199015222,0.029387679,0.08390919
0.772511072,0.149543478,0.01299385,0.0649516
0.030430936,0.020608263,0.008725401,0.9402354
0.111797573,0.041444326,0.019675473,0.827082627
0.142049474,0.052824965,0.034481598,0.770643963
0.437436219,0.099943149,0.025227711,0.437392921
0.239792044,0.076346796,0.021644551,0.662216608
0.426258651,0.099826318,0.193163154,0.280751877
0.49302766,0.086358585,0.052937742,0.367676013
0.331628609,0.079459904,0.042865594,0.546045893
0.111797573,0.041444326,0.019675473,0.827082627
0.0133462,0.007214939,0.00300611,0.976432751
0.421396363,0.086079253,0.054637283,0.437887101
0.009486062,0.005551671,0.002061814,0.982900453
0.761628147,0.066358544,0.019078391,0.152934918
0.573200933,0.130963215,0.02155805,0.274277802
0.468725889,0.097563596,0.140059948,0.293650567
0.949956421,0.026433751,0.004948588,0.018661239
0.071372665,0.0551292,0.025020204,0.84847793
0.068392856,0.059176126,0.020766131,0.851664887
0.041040086,0.020748946,0.005900428,0.932310541
0.147573542,0.064696174,0.059886981,0.727843303
0.492044918,0.09603952,0.115069428,0.296846134
0.418680451,0.094330206,0.106790315,0.380199028
0.119984816,0.105804519,0.050936845,0.72327382
0.182753632,0.058219004,0.02992283,0.729104534
0.239792044,0.076346796,0.021644551,0.662216608
0.209800912,0.068476725,0.051629487,0.670092876
0.182753632,0.058219004,0.02992283,0.729104534
0.089412441,0.035087092,0.014771352,0.860729116
0.417220939,0.085889336,0.051179344,0.445710381
0.034745108,0.01984804,0.010113933,0.935292919
0.004014622,0.002392398,0.000855091,0.992737889
0.037408626,0.019762967,0.010095485,0.932732922
0.003113836,0.002037407,0.000635461,0.994213297
0.264934333,0.072548749,0.040725644,0.621791275
0.43499534,0.097763102,0.143951385,0.323290174
0.346540242,0.546108695,0.015572286,0.091778776
0.030947781,0.951065894,0.003098854,0.014887471
0.044560314,0.931749776,0.003766179,0.01992373
0.120275369,0.807852893,0.015014044,0.056857694
0.130064893,0.737329193,0.026138566,0.106467347
0.046614647,0.912994887,0.005550044,0.034840422
0.431333351,0.460016005,0.019679961,0.088970683
0.359566139,0.478889485,0.01740131,0.144143065
0.012465065,0.979610499,0.001204573,0.006719863
0.043276727,0.914302769,0.006211898,0.036208606
0.062401488,0.884154847,0.008887497,0.044556168
0.119119819,0.80194892,0.016733289,0.062197973
0.058285636,0.907839398,0.005277751,0.028597216
0.27532063,0.626275158,0.016127815,0.082276398
0.164217482,0.755145075,0.011362753,0.06927469
0.612460428,0.266966177,0.016474455,0.10409894
0.141669056,0.722576616,0.028005732,0.107748597
0.044411875,0.912955745,0.00596244,0.036669939
0.244120477,0.636233757,0.017837896,0.10180787
0.064851856,0.886371435,0.008722589,0.04005412
0.094458913,0.82095632,0.015293999,0.069290768
0.113961797,0.83590743,0.008429744,0.04170103
0.158495134,0.772761545,0.009959496,0.058783825
0.008722599,0.985370641,0.000908462,0.004998298
0.549833678,0.343365871,0.019733767,0.087066684
0.141833378,0.732882366,0.026963373,0.098320883
0.417050097,0.440507451,0.017306586,0.125135866
0.441279003,0.450256855,0.017280566,0.091183577
0.093889859,0.827216805,0.01540413,0.063489206
0.114476499,0.771574607,0.021093387,0.092855508
0.122947139,0.817394216,0.0098475,0.049811144
0.179139755,0.516844618,0.023008921,0.281006705
0.178646715,0.40646776,0.025359301,0.389526225
0.214036156,0.199261304,0.021266261,0.56543628
0.144711653,0.227245979,0.031615251,0.596427117
0.150981445,0.163700155,0.01956204,0.66575636
0.354062105,0.544063368,0.016027137,0.085847389
0.186021451,0.228944625,0.022043675,0.562990249
0.011567096,0.980133932,0.001330867,0.006968106
0.050898638,0.042305491,0.014509637,0.892286233
0.171259526,0.440438437,0.041809297,0.34649274
0.171590771,0.421626574,0.03198519,0.374797465
0.18776003,0.31167231,0.068213728,0.432353932
0.169148167,0.239821393,0.060808194,0.530222246
0.05393622,0.048359491,0.012717363,0.884986926
0.066932886,0.0581923,0.020466117,0.854408697
0.116047282,0.137698853,0.032968324,0.713285541
0.176613295,0.251831726,0.068974697,0.502580282
0.157402047,0.204026093,0.057014758,0.581557101
0.187231315,0.445454455,0.056915483,0.310398747
