C1,C2,C3,C4,C5,C6,C7,C8,C9,C10,C11
0.000923741,0.009034839,0.016294895,0.031588938,0.327927067,0.209835348,0.01079363,0.327927603,0.029207064,0.016295507,0.020171368
0.000837885,0.009405889,0.018594423,0.04211518,0.252791671,0.331101284,0.011621132,0.252791475,0.038205385,0.018595228,0.023940448
0.000493354,0.005075574,0.010635101,0.022144849,0.332679607,0.244222868,0.00664512,0.332679077,0.021171586,0.010635553,0.013617309
0.000307883,0.003269957,0.006257951,0.013087065,0.371761674,0.203249754,0.003963979,0.3717615,0.012136176,0.00625821,0.007945851
0.000511988,0.00545751,0.011273199,0.023705882,0.312582425,0.278756524,0.006929558,0.312581682,0.02243579,0.011273694,0.014491748
0.000855787,0.008492943,0.019477553,0.036709813,0.303187474,0.235286553,0.011571902,0.303186789,0.036803349,0.019478434,0.024949403
0.000678615,0.006548992,0.014876813,0.027684608,0.338013385,0.203598728,0.009024838,0.338012605,0.027772212,0.014877452,0.018911752
0.000926187,0.009114685,0.021690667,0.039752344,0.296139226,0.233318283,0.012761777,0.296138615,0.040665516,0.021691643,0.027801056
0.000573221,0.005723556,0.012158875,0.023162816,0.351763038,0.197089445,0.007451184,0.35176202,0.022742807,0.012159393,0.015413644
0.000428207,0.00436684,0.008433913,0.016177225,0.383042903,0.164827813,0.005281932,0.383042557,0.015381166,0.008434258,0.010583186
0.000512979,0.004982492,0.01006198,0.018396522,0.383129307,0.152939049,0.006280822,0.383128703,0.017930572,0.01006239,0.012575185
0.000483495,0.004817882,0.010122217,0.019221674,0.36895012,0.179558392,0.006217869,0.368949036,0.018744985,0.010122647,0.012811683
0.000350989,0.003525536,0.00670382,0.012982203,0.403399133,0.13804345,0.004272726,0.403398544,0.012241316,0.006704086,0.008378197
0.0005874,0.005604706,0.010402902,0.019636343,0.380960678,0.153121229,0.006847162,0.380961154,0.018604692,0.010403292,0.012870441
0.000691993,0.006772318,0.012336833,0.023743794,0.357233564,0.184257208,0.008055596,0.357234225,0.022040951,0.012337307,0.015296209
0.00026983,0.002753154,0.005217513,0.010740913,0.405631292,0.144734158,0.003345262,0.405632015,0.009883758,0.005217726,0.006574378
0.00035796,0.003578891,0.006671911,0.013281058,0.401546608,0.141304531,0.00432225,0.401547327,0.012364621,0.006672175,0.008352669
0.000342052,0.003595796,0.007447115,0.015462999,0.350444769,0.236162683,0.00453553,0.350443541,0.014564636,0.007447447,0.009553433
0.000859592,0.008203173,0.014390219,0.026888353,0.351186031,0.180516802,0.009630961,0.351186624,0.025093037,0.014390739,0.01765447
0.000603547,0.005839319,0.010591206,0.020140488,0.376030965,0.161307884,0.006968945,0.376031745,0.018807207,0.010591605,0.013087087
0.00052878,0.005186468,0.009585945,0.018678676,0.378838439,0.163135788,0.006281758,0.3788393,0.017419947,0.009586311,0.011918586
0.000541825,0.005179885,0.009682517,0.018293371,0.386146971,0.148708817,0.006329632,0.386147616,0.017290945,0.009682885,0.011995535
0.000310927,0.003081537,0.005972352,0.011693855,0.411308643,0.12806688,0.003808494,0.411308949,0.010994853,0.005972592,0.007480918
0.000219717,0.002296045,0.00430959,0.008962157,0.409584041,0.14429516,0.002756009,0.409585076,0.008241043,0.004309766,0.005441396
0.000386473,0.00387858,0.007280757,0.014419056,0.391899848,0.155816927,0.004671116,0.391900605,0.013360479,0.007281048,0.00910511
0.000543001,0.005903845,0.012309678,0.026336976,0.281467914,0.331940871,0.007394348,0.281467546,0.024435528,0.012310242,0.015890051
0.000215231,0.00219873,0.004408197,0.008964409,0.412528936,0.137993492,0.002753678,0.412528671,0.008406202,0.004408383,0.005594069
0.000322068,0.003473435,0.006979282,0.014888172,0.330355198,0.279629389,0.004278038,0.330354603,0.013776061,0.006979592,0.008964162
0.000431851,0.004332958,0.007940395,0.016335767,0.378737006,0.17542745,0.005238349,0.378737802,0.014949556,0.0079407,0.009928166
0.000391359,0.004003244,0.007471584,0.015683408,0.370033968,0.196386257,0.004856683,0.37003451,0.014272393,0.00747188,0.009394712
0.000253274,0.002602111,0.004758571,0.010056849,0.405782114,0.147781487,0.003124197,0.405783995,0.009115253,0.004758758,0.005983391
0.000338007,0.003468733,0.006227562,0.013115684,0.387909311,0.17107178,0.004113407,0.387910803,0.011816544,0.006227803,0.007800364
0.000287467,0.002937333,0.005465402,0.011607284,0.394577752,0.164076728,0.00358066,0.394579385,0.010537776,0.005465618,0.006884596
0.000233955,0.002417333,0.004776766,0.010186672,0.3868992,0.185362768,0.003026928,0.386899303,0.009346344,0.004776966,0.006073765
0.000282413,0.002989802,0.005772506,0.012831975,0.335053282,0.279662697,0.003692078,0.335053356,0.011529552,0.005772746,0.007359591
0.00028167,0.002801561,0.005496568,0.010745249,0.415852298,0.12294072,0.003483567,0.415851688,0.010149447,0.005496791,0.006900441
0.000273106,0.002807168,0.005213771,0.010524586,0.409461958,0.13744411,0.003355691,0.409462102,0.009706504,0.005213978,0.006537025
0.00021321,0.002147252,0.00408234,0.008300374,0.429103029,0.107491254,0.002640415,0.429104501,0.007702743,0.004082502,0.005132378
0.000413007,0.004061637,0.007939542,0.015346174,0.392799557,0.149139093,0.005079697,0.392799147,0.014548259,0.007939857,0.00993403
0.000327516,0.003300697,0.006789363,0.013887191,0.385547321,0.171727229,0.00427289,0.385546907,0.013168632,0.006789648,0.008642606
0.000780032,0.007594373,0.013131835,0.025113714,0.356065477,0.179888278,0.008819394,0.356066157,0.023251927,0.013132311,0.016156502
0.000601048,0.005915199,0.011218,0.020790915,0.370709581,0.168015206,0.007130335,0.37070907,0.01978766,0.01121844,0.013904547
0.00077108,0.007445339,0.01293807,0.024345846,0.36033153,0.173803777,0.008621891,0.360331888,0.022603734,0.012938541,0.015868306
0.000244396,0.002460264,0.004536175,0.009058769,0.427877844,0.106378456,0.00295402,0.427878785,0.00840585,0.004536352,0.005669088
0.000258733,0.002585523,0.004795811,0.009640529,0.423580781,0.112714819,0.003130017,0.423582244,0.008921563,0.004795997,0.005993982
0.000303049,0.003039424,0.005595808,0.011285083,0.413036006,0.127006733,0.003665084,0.413037319,0.01044058,0.005596025,0.006994889
0.000391401,0.003905313,0.007651358,0.014656647,0.393638307,0.150208129,0.004798577,0.393637235,0.013886183,0.00765167,0.009575181
0.000326314,0.003241263,0.00630082,0.012167799,0.409266421,0.129767084,0.003985114,0.409265932,0.011493594,0.006301074,0.007884585
0.000868871,0.008354803,0.014447806,0.02721918,0.349967319,0.182000503,0.00970849,0.349967847,0.025301035,0.014448324,0.017715821
0.000233651,0.002479586,0.004749774,0.009899954,0.3932286,0.173281407,0.002989318,0.393227629,0.009138176,0.004749972,0.006021932
0.000641562,0.006098681,0.011878054,0.021928652,0.370673276,0.162832825,0.0075996,0.370673466,0.021054538,0.011878518,0.014740828
0.00029337,0.002908308,0.005947042,0.01170899,0.410114759,0.130469152,0.003734041,0.410113875,0.011241729,0.005947289,0.007521445
0.000349347,0.003480116,0.006992836,0.013391058,0.401003974,0.140864131,0.004353714,0.401002811,0.012776362,0.006993127,0.008792524
0.000757336,0.007011546,0.01315946,0.023849413,0.367156658,0.160120156,0.008621349,0.367157001,0.022822423,0.01315995,0.016184708
0.000362735,0.00353319,0.00706133,0.013791307,0.402840351,0.135980814,0.00450551,0.402840446,0.013143581,0.007061615,0.008879119
0.00061182,0.00579321,0.011221643,0.020648951,0.377310815,0.154965634,0.007213324,0.377310559,0.019808644,0.011222075,0.013893326
0.000514919,0.004901487,0.009370862,0.017284076,0.392127722,0.140202354,0.006025114,0.39212772,0.01648109,0.009371223,0.011593433
0.000230894,0.002290965,0.00434922,0.008677264,0.430851046,0.102044406,0.002816491,0.430851757,0.008090738,0.004349392,0.005447828
0.000534559,0.005047981,0.009674332,0.017826524,0.391282424,0.139371299,0.006261775,0.391282414,0.017071886,0.009674703,0.011972104
0.000477887,0.00452762,0.008976342,0.016718286,0.395059479,0.137151382,0.005748226,0.395059371,0.016123633,0.008976695,0.011181077
0.000697447,0.006565182,0.012229129,0.022769962,0.368920098,0.162882848,0.008062759,0.368920576,0.021625982,0.012229583,0.015096433
0.000422912,0.004104583,0.007974615,0.015485812,0.395265311,0.14371855,0.005147751,0.395265772,0.01466747,0.007974928,0.009972297
0.000346312,0.003400989,0.00688613,0.013778367,0.3968941,0.148750531,0.004396515,0.396893552,0.013073468,0.00688641,0.008693626
0.000397251,0.003972541,0.008581719,0.017383332,0.365594467,0.196838692,0.005299191,0.365593243,0.016777747,0.008582089,0.010979727
0.000374531,0.003778513,0.007811501,0.015862937,0.376599672,0.181226474,0.004868558,0.376598705,0.015117503,0.007811836,0.009949769
0.000865178,0.007921322,0.015017547,0.026193882,0.359222963,0.163106089,0.009715978,0.35922291,0.025336594,0.015018107,0.018379429
0.00067508,0.006261312,0.012882545,0.022830079,0.370452708,0.156963617,0.00811157,0.370452188,0.022496489,0.012883054,0.015991357
0.000748314,0.006913927,0.013586012,0.02419901,0.364985723,0.162024054,0.008720858,0.364985792,0.023485617,0.013586532,0.016764161
0.000284721,0.002786535,0.005596766,0.010622963,0.422175832,0.110025187,0.003516396,0.422174979,0.010199792,0.005596994,0.007019837
0.000776709,0.007125265,0.01367878,0.024736302,0.363932829,0.1624834,0.008945601,0.363933074,0.023850395,0.013679292,0.016858352
0.000864983,0.008024923,0.014705144,0.026159053,0.358654221,0.165572604,0.00965106,0.358654402,0.025011686,0.014705684,0.017996239
0.000884346,0.008210453,0.014933173,0.026638381,0.356680725,0.167534895,0.009839392,0.356680983,0.025403981,0.014933718,0.018259952
0.000395844,0.003922078,0.008027913,0.015020651,0.394158792,0.146779867,0.004926157,0.394157632,0.014491026,0.008028253,0.010091785
0.000477017,0.004611463,0.009291188,0.016889223,0.391981317,0.141714114,0.005780339,0.391980482,0.016397444,0.009291567,0.011585845
0.000423545,0.004165366,0.008665607,0.016204389,0.389680902,0.150449264,0.005333863,0.38967952,0.015813022,0.008665972,0.01091855
0.000925925,0.009111358,0.020146824,0.036006046,0.310327582,0.21991288,0.01194163,0.310326898,0.035764814,0.020147709,0.025388333
0.000745692,0.007077187,0.012752728,0.023146404,0.367349267,0.162952293,0.00835349,0.367349565,0.021882083,0.012753202,0.015638091
0.000484092,0.004631763,0.008652118,0.01618221,0.397129456,0.135497445,0.005626437,0.397129941,0.015310851,0.008652448,0.010703239
0.000727832,0.006854134,0.012364635,0.022471197,0.371717135,0.157197219,0.008145293,0.37171743,0.021286959,0.012365089,0.015153078
0.000366026,0.003593045,0.007006751,0.013169773,0.407756182,0.127646151,0.004422215,0.407755879,0.012532975,0.007007033,0.00874397
0.00045829,0.004413077,0.008461954,0.015945566,0.397097391,0.136884803,0.005456777,0.397097682,0.015191301,0.008462284,0.010530876
0.000373184,0.003970913,0.007970062,0.016198381,0.353377286,0.226585421,0.00484765,0.353376474,0.01515699,0.007970416,0.010173224
0.000457614,0.00476782,0.009778256,0.019473551,0.34855008,0.221714542,0.005957218,0.348549108,0.018514251,0.009778684,0.012458875
0.00041321,0.004108201,0.007558894,0.014453134,0.400465849,0.137127758,0.004893336,0.400465982,0.01356416,0.007559186,0.009390289
0.001182764,0.010688937,0.018886898,0.032799117,0.336401055,0.177940545,0.01261611,0.33640122,0.03132585,0.018887557,0.022869948
0.000755577,0.007214902,0.013114178,0.023793537,0.364262302,0.166309731,0.008536602,0.364262501,0.022539398,0.013114668,0.016096605
0.000601583,0.005717896,0.010560375,0.019460911,0.382913791,0.148935958,0.006887637,0.382913889,0.018442687,0.010560772,0.013004501
0.000639289,0.006518887,0.012784589,0.024863549,0.340831394,0.213203841,0.008000731,0.340830685,0.023501313,0.012785115,0.016040608
0.0004394,0.004557664,0.008670566,0.017483647,0.36464427,0.198208505,0.005497796,0.364643583,0.016272185,0.00867092,0.010911465
0.00036272,0.003595274,0.00697611,0.013591489,0.401279237,0.139934163,0.004452049,0.401278447,0.012822069,0.006976389,0.008732054
0.000335585,0.003383641,0.006301082,0.012502696,0.403917024,0.139786105,0.004075448,0.403916666,0.011610425,0.006301329,0.00787
0.00036176,0.003742789,0.006707905,0.013619404,0.391586664,0.160439255,0.004381689,0.391586852,0.012487636,0.006708165,0.008377881
0.000243665,0.002526521,0.004765141,0.009914483,0.407395082,0.144768883,0.003067542,0.407394828,0.009146129,0.004765333,0.006012394
0.000483367,0.004760888,0.009434939,0.018092366,0.378259679,0.166212098,0.005984152,0.378259197,0.017269973,0.009435317,0.011808023
0.000465834,0.004651551,0.008847559,0.017385591,0.380367683,0.166020251,0.005694017,0.380367307,0.016281402,0.008847911,0.011070894
0.000400765,0.004163545,0.007983666,0.016772559,0.360589944,0.210928858,0.005102915,0.360589638,0.01537773,0.007983995,0.010106385
0.000206974,0.002103639,0.004082554,0.008234753,0.427240768,0.111382216,0.002587241,0.427240765,0.007687174,0.004082722,0.005151194
0.000643096,0.00643169,0.01255321,0.024067778,0.350832676,0.195652537,0.007910239,0.35083211,0.022816543,0.012553718,0.015706404
0.000331655,0.003315373,0.006379007,0.012789114,0.402800498,0.141145476,0.00409658,0.402801094,0.011942089,0.006379263,0.008019851
0.000457762,0.004560072,0.009711844,0.018907805,0.368103589,0.18385381,0.005946426,0.368102778,0.01828929,0.009712267,0.012354355
0.000683,0.006970746,0.013840028,0.026496367,0.336729603,0.213278766,0.008603601,0.336728894,0.025417544,0.013840602,0.017410851
0.002057028,0.028295086,0.045549922,0.158688241,0.152459633,0.21435837,0.032194249,0.152459634,0.109222116,0.045551727,0.059163994
0.001562225,0.020871774,0.033829993,0.119669206,0.176969185,0.284269541,0.023671326,0.176969236,0.084128066,0.033831357,0.044228092
0.0011625,0.015176531,0.025348807,0.083478087,0.188286928,0.361321177,0.017166213,0.188287016,0.061232981,0.025349867,0.033189891
0.000594217,0.007045642,0.012052516,0.031926105,0.211206077,0.46419379,0.008069677,0.211206345,0.026159104,0.012053004,0.015493523
0.001370912,0.019724152,0.030662581,0.10651459,0.176730684,0.321928405,0.02067354,0.176730739,0.074741807,0.030663871,0.04025872
0.000834259,0.010091817,0.017076396,0.047803905,0.216954109,0.400941783,0.011607717,0.216954295,0.038588471,0.017077086,0.022070163
0.000498868,0.00548691,0.009661199,0.022659851,0.281742438,0.350384543,0.006392134,0.281742873,0.019519469,0.009661586,0.012250128
0.000634112,0.007426946,0.011597535,0.027123645,0.273840942,0.3487753,0.007810867,0.273841401,0.022785367,0.01159798,0.014565906
0.000780644,0.009890211,0.01589629,0.044517462,0.203301715,0.440341527,0.010646098,0.203301874,0.034952157,0.015896944,0.020475079
0.000726852,0.007678144,0.012588612,0.027664806,0.319596305,0.250996774,0.008669354,0.319597134,0.024197381,0.012589072,0.015695567
0.000392983,0.004332861,0.007499729,0.017075848,0.315857043,0.30214469,0.004965049,0.315858023,0.014890904,0.007500025,0.009482846
0.000356836,0.003826559,0.006778367,0.015141532,0.340963403,0.258772925,0.004489154,0.340964701,0.013367412,0.006778633,0.008560478
0.000474679,0.004975364,0.008921871,0.019319703,0.344301775,0.234336631,0.005909044,0.344302777,0.017309497,0.008922218,0.011226439
0.000424024,0.004568516,0.008481568,0.019880831,0.29789573,0.328410827,0.005601783,0.297896337,0.017530482,0.008481909,0.010827994
0.000452292,0.005082543,0.009497379,0.02352906,0.229838188,0.453468551,0.006186256,0.229838423,0.020365993,0.009497775,0.012243538
0.000380933,0.004318331,0.008617188,0.022156698,0.183216811,0.553552439,0.005446967,0.18321679,0.019207662,0.008617569,0.011268613
0.0006899,0.008010623,0.015536703,0.043366246,0.205923841,0.43814563,0.010114481,0.205923949,0.036343304,0.015537374,0.020407946
0.000447567,0.005020707,0.009030546,0.021777348,0.255991658,0.406590332,0.005899898,0.255992101,0.018662601,0.009030919,0.011556323
0.000501128,0.005908319,0.01111486,0.029690198,0.188403718,0.51841074,0.007106281,0.188403824,0.024824793,0.011115348,0.01452079
0.00047894,0.005467502,0.009848864,0.024377507,0.234517357,0.441032038,0.006444557,0.234517717,0.02079608,0.009849273,0.012670165
0.000349996,0.003775555,0.007322136,0.016625966,0.306337219,0.322943603,0.004656673,0.306337477,0.014925253,0.007322449,0.009403673
0.000436296,0.004865537,0.009000467,0.022013854,0.24712738,0.424016187,0.005863777,0.247127696,0.018974418,0.009000843,0.011573544
0.00063518,0.006899881,0.011803357,0.026349383,0.306501993,0.283795324,0.007865139,0.306502797,0.022977487,0.011803818,0.014865639
0.000733999,0.007477614,0.013008425,0.027267021,0.330972546,0.227086176,0.008768808,0.330973358,0.024469621,0.013008914,0.01623352
0.000973422,0.011495658,0.018814675,0.047715383,0.239298727,0.347841514,0.012708756,0.239299062,0.039055393,0.01881542,0.023981991
0.00060247,0.006991359,0.012636451,0.03239468,0.224493275,0.433711949,0.008303909,0.22449353,0.027402243,0.012636976,0.016333156
0.000753657,0.009071761,0.018061746,0.046900655,0.208173946,0.415353711,0.011054116,0.20817392,0.040540133,0.01806259,0.023853764
0.000620354,0.006209959,0.010612672,0.020798682,0.3673798,0.177156188,0.007104889,0.367380565,0.019040368,0.01061306,0.013083464
0.000329872,0.003348763,0.006021938,0.01195533,0.40707795,0.135741775,0.00392763,0.407078702,0.011004365,0.00602217,0.007491505
0.000633409,0.006261655,0.010711411,0.021028117,0.367942466,0.175221073,0.00718837,0.36794331,0.019163566,0.010711803,0.013194821
0.000693852,0.006997392,0.011705769,0.022911991,0.356711778,0.189606531,0.007819202,0.356712217,0.020743442,0.011706198,0.014391628
0.000236059,0.002596583,0.004768962,0.010715069,0.318271631,0.321769234,0.003049455,0.318271718,0.009480557,0.004769161,0.00607157
0.000151196,0.001598659,0.002914325,0.006185392,0.428590893,0.117895118,0.001885163,0.428592602,0.005597418,0.002914442,0.003674792
0.000248669,0.002576621,0.004627544,0.009716928,0.407140052,0.146328041,0.00303093,0.40714171,0.008760935,0.004627726,0.005800845
0.000216528,0.00225797,0.004078414,0.008523099,0.414877236,0.135613637,0.002652085,0.414879206,0.007705082,0.004078575,0.005118167
0.000215558,0.002286148,0.004100044,0.008837811,0.398463929,0.167777707,0.002676084,0.398466117,0.007907344,0.004100208,0.005169051
0.000310217,0.003331931,0.005864864,0.012765893,0.365204616,0.218859926,0.003838831,0.365205627,0.011365196,0.005865097,0.007387803
0.000371961,0.003904583,0.006758855,0.014205285,0.378686721,0.184947393,0.004476107,0.378687792,0.012754243,0.006759115,0.008447944
0.000233574,0.0024374,0.004559692,0.009601302,0.400046416,0.161072109,0.002934962,0.400046626,0.008755268,0.004559877,0.005752774
0.000261053,0.002725221,0.0049511,0.010535368,0.395259656,0.167045721,0.003242887,0.395261129,0.009535781,0.004951296,0.006230788
0.000716604,0.007138807,0.01242395,0.023599533,0.356710208,0.185050473,0.008159202,0.356710335,0.021786907,0.012424414,0.015279567
0.000239547,0.002448707,0.004446452,0.009029362,0.422912105,0.116817949,0.002896806,0.42291351,0.008287262,0.004446626,0.005561674
0.000460478,0.004711079,0.008064281,0.01600199,0.386044251,0.160720133,0.005335359,0.386045092,0.014570687,0.008064584,0.009982066
0.000530003,0.005424392,0.010278703,0.019766738,0.364792832,0.186367802,0.006427041,0.364792292,0.018492509,0.010279127,0.01284856
0.00029497,0.003104445,0.005812484,0.011764491,0.392798469,0.165837164,0.003653507,0.392798175,0.010804571,0.005812726,0.007318999
0.000266402,0.002695931,0.005046953,0.009919312,0.420151306,0.117961204,0.003222918,0.420150925,0.009230911,0.005047154,0.006306983
0.000359962,0.003901299,0.007528099,0.01592501,0.332043575,0.271845571,0.004667726,0.332042799,0.014575893,0.007528423,0.009581642
0.000312982,0.00320763,0.005745374,0.011668839,0.40515614,0.1414237,0.003749869,0.405157859,0.010652317,0.005745599,0.007179691
0.000468347,0.005246513,0.010451703,0.023357002,0.271537036,0.36580948,0.006407648,0.271536531,0.02123355,0.010452172,0.013500018
0.000276682,0.003011547,0.005802591,0.012889343,0.313568776,0.322363603,0.00364009,0.313568452,0.01164166,0.005802842,0.007434415
0.000259477,0.002774823,0.004985318,0.010741096,0.383249495,0.190612792,0.003236449,0.383250601,0.009613463,0.00498552,0.006290966
0.000374049,0.004274524,0.00804828,0.018693565,0.235679124,0.457402095,0.005023117,0.235678964,0.016416039,0.008048635,0.010361608
0.000356294,0.003733767,0.006681572,0.014022972,0.378131014,0.186845903,0.00435842,0.37813236,0.012657125,0.006681838,0.008398736
0.000598506,0.006016052,0.010421508,0.021170428,0.360382824,0.191554465,0.006980558,0.360383899,0.019140318,0.010421896,0.012929546
0.000283354,0.002997774,0.005464526,0.011674136,0.375918324,0.201371799,0.003527087,0.375919244,0.010488773,0.005464747,0.006890236
0.000210651,0.002255118,0.004161172,0.009132703,0.373166627,0.217635773,0.002675593,0.373167594,0.008155763,0.004161343,0.005277665
0.000421756,0.004254713,0.007642731,0.015555262,0.385097374,0.16549667,0.005044208,0.385098843,0.014206785,0.007643024,0.009538634
0.000377376,0.003738768,0.006790697,0.013522398,0.401192663,0.141034877,0.004464756,0.401193986,0.012444421,0.006790957,0.008449102
0.000244169,0.002463716,0.004493958,0.009126338,0.423917457,0.11442746,0.002938276,0.423919051,0.008360868,0.004494133,0.005614575
0.000519591,0.005503377,0.009117714,0.019057368,0.35541072,0.211560108,0.006087327,0.355411881,0.016882312,0.009118059,0.011331543
0.000222681,0.002384205,0.004281936,0.009142017,0.393910917,0.175488079,0.002765338,0.393912907,0.008210533,0.004282109,0.005399277
0.000582113,0.006658236,0.011213706,0.025091887,0.285406134,0.331183413,0.007289104,0.285406559,0.021796905,0.011214159,0.014157785
0.000313453,0.003563796,0.006578631,0.0152216,0.234334873,0.473157381,0.004145144,0.234335019,0.013328764,0.006578915,0.008442425
0.000382786,0.004103354,0.00700765,0.014692022,0.371672137,0.196954828,0.004606048,0.371673398,0.01313569,0.007007923,0.008764164
0.000415307,0.004534132,0.007797907,0.016616614,0.345167106,0.242858525,0.005086054,0.34516774,0.014767799,0.007798216,0.009790601
0.000257565,0.002821153,0.005016899,0.010680091,0.372988902,0.21111963,0.003208056,0.372989934,0.009570054,0.005017105,0.006330611
0.00022271,0.002396278,0.004429811,0.00929027,0.389513466,0.183357336,0.002801223,0.38951379,0.008444291,0.004429995,0.005600831
0.000311302,0.003190135,0.005676931,0.011463799,0.407450416,0.137474633,0.003718587,0.407451946,0.01050152,0.005677151,0.00708358
0.000414211,0.004309686,0.007405801,0.015331736,0.378968695,0.179263171,0.004920087,0.378970201,0.013785309,0.007406082,0.009225021
0.000382504,0.004222239,0.007352083,0.016267754,0.323886706,0.288226963,0.004798735,0.323887634,0.01433973,0.007352377,0.009283274
0.000358131,0.003893007,0.006820842,0.014905978,0.343175555,0.254583503,0.004463687,0.343176747,0.013205149,0.006821112,0.008596288
0.000293281,0.003282268,0.005793266,0.012802242,0.321554422,0.306547437,0.003721358,0.321555025,0.011314963,0.005793504,0.007342234
0.000307682,0.003335473,0.006057417,0.013238204,0.351615628,0.244281899,0.003925362,0.351616413,0.011883672,0.006057663,0.007680585
0.000266293,0.002918246,0.005386862,0.012276055,0.302788099,0.346953106,0.003479701,0.302788734,0.010884628,0.005387084,0.006871191
0.000468143,0.005263709,0.009484092,0.021695297,0.271880134,0.372698536,0.006102583,0.271880234,0.018969644,0.009484484,0.012073144
0.000416275,0.004539228,0.007757278,0.017606281,0.321979783,0.287709465,0.005177824,0.321980951,0.015289952,0.007757581,0.009785382
0.000428331,0.004666082,0.007900862,0.017184453,0.345323687,0.240922256,0.005242855,0.345324872,0.015184228,0.00790117,0.009921204
0.00045676,0.004671254,0.008176896,0.016765025,0.377314716,0.176286287,0.005435547,0.377316128,0.015210491,0.008177206,0.01018969
0.000451244,0.004724754,0.008460886,0.018350094,0.345502899,0.23602794,0.005570506,0.345504002,0.016298416,0.00846122,0.010648038
0.000541683,0.005659982,0.009620777,0.020375472,0.34994808,0.217713627,0.006446715,0.349949118,0.018124477,0.00962114,0.011998929
0.000403806,0.004323005,0.007758998,0.017359266,0.328160515,0.275883562,0.005090624,0.328161464,0.015287852,0.007759308,0.009811601
0.000665663,0.007449683,0.012289239,0.028209247,0.291569628,0.307896292,0.008274408,0.291570282,0.024298157,0.012289712,0.015487688
0.000364042,0.003994635,0.00703624,0.015960442,0.319276456,0.299497134,0.004633446,0.319277479,0.01400624,0.00703652,0.008917366
0.00045418,0.005186052,0.009080324,0.021673093,0.258573581,0.401252302,0.005936038,0.258574107,0.018588315,0.009080697,0.011601311
0.000516359,0.006357157,0.010981281,0.030088253,0.174813894,0.545833109,0.00717139,0.174814009,0.024215223,0.010981746,0.014227578
0.000347933,0.004021697,0.007201008,0.017663803,0.200069616,0.534557625,0.004644302,0.20006982,0.014990189,0.007201309,0.009232698
0.000583243,0.007209142,0.012879961,0.036009284,0.17740592,0.521667004,0.008288229,0.177405989,0.028877628,0.012880521,0.016793081
0.000302299,0.003548657,0.006487954,0.017031988,0.149094909,0.64107791,0.004200496,0.149094997,0.014257662,0.006488231,0.008414897
0.000574324,0.006939762,0.012653939,0.034282278,0.187774808,0.504595936,0.008151574,0.187774788,0.028136366,0.012654484,0.016461742
0.000399666,0.00456657,0.008179372,0.020313094,0.218033981,0.489149539,0.005372693,0.218034204,0.017280305,0.008179706,0.010490869
0.000729582,0.007726306,0.012502367,0.026607072,0.329346503,0.233795585,0.008534779,0.329347304,0.02338467,0.012502824,0.015523008
0.000411928,0.004338196,0.00754346,0.016254779,0.361800609,0.211318186,0.005028297,0.361801856,0.014501929,0.007543749,0.009457009
0.000510289,0.005364752,0.009430548,0.02014747,0.346874155,0.225217069,0.006256549,0.34687509,0.018061241,0.009430912,0.011831925
0.00050996,0.005457937,0.009154176,0.019795105,0.338745611,0.243598402,0.006107315,0.338746508,0.017303447,0.009154525,0.011427014
0.000411563,0.004660724,0.008144324,0.019116939,0.259796524,0.407941127,0.005294821,0.259796879,0.016334673,0.008144658,0.010357767
0.000211763,0.002290959,0.004233244,0.009077549,0.377255173,0.209246848,0.002682229,0.377255222,0.008153005,0.004233421,0.005360586
0.000359431,0.004141976,0.007626716,0.017921005,0.231557004,0.469006778,0.004810124,0.231556882,0.015598975,0.007627044,0.009794063
0.00032086,0.003324995,0.005877821,0.012335616,0.393038194,0.163850701,0.003882632,0.393039474,0.011100653,0.005878047,0.007351008
0.000381538,0.004156547,0.007612261,0.016342938,0.335578143,0.263624695,0.004841283,0.335577803,0.014648059,0.007612574,0.00962416
0.000672584,0.008020024,0.01478802,0.037105289,0.225808058,0.412786741,0.009357915,0.225807953,0.031704114,0.014788665,0.019160637
0.000945421,0.01153625,0.016991699,0.039942118,0.256576619,0.334759759,0.011499975,0.256576983,0.032881363,0.01699235,0.021297463
0.000936021,0.011592152,0.017320612,0.041848491,0.246387568,0.350600429,0.011631601,0.246387894,0.034139077,0.017321291,0.021834864
0.000730693,0.009324436,0.015108896,0.039624968,0.206423219,0.446304782,0.009811409,0.206423346,0.031730371,0.015109534,0.019408345
0.000614441,0.007391747,0.011806455,0.027888145,0.254537808,0.385353047,0.007747347,0.254538087,0.023376203,0.011806931,0.014939788
0.000513974,0.006037794,0.009852173,0.023281861,0.253734307,0.404415626,0.006494693,0.253734725,0.019607053,0.009852568,0.012475227
0.000369512,0.004251522,0.007284457,0.017368799,0.241927192,0.450798463,0.004768908,0.241927735,0.014749097,0.007284753,0.00926956
0.000429618,0.005155664,0.009041114,0.02284381,0.187113061,0.542712271,0.005819492,0.187113194,0.0190869,0.009041498,0.011643378
0.000400746,0.004739045,0.0079175,0.019321596,0.224853206,0.478445131,0.00520983,0.224853598,0.01624706,0.007917822,0.010094466
0.000925971,0.011332711,0.017191667,0.040808516,0.252142769,0.341037207,0.011545732,0.252143101,0.034002149,0.017192337,0.02167784
0.000588565,0.006268505,0.010525558,0.022050641,0.343325125,0.223496518,0.007018614,0.343326073,0.01973855,0.010525959,0.013135893
0.001298851,0.013136107,0.020245338,0.040893773,0.300393349,0.228311586,0.014219391,0.300393893,0.036110974,0.020246027,0.024750711
0.000602927,0.006314505,0.010638455,0.02240875,0.344286513,0.220481772,0.007152967,0.344287607,0.01993069,0.010638855,0.01325696
0.000411953,0.004484442,0.007747486,0.01717298,0.332022454,0.26845717,0.005116546,0.332023652,0.015054245,0.007747791,0.009761281
0.000394504,0.004388914,0.007658239,0.017702619,0.294229929,0.34360481,0.005032928,0.294230831,0.015376432,0.007658548,0.009722246
0.000542665,0.005769868,0.009887891,0.021510726,0.33507391,0.244193887,0.006619491,0.335075009,0.019037982,0.009888269,0.012400304
0.001004861,0.009895685,0.016324982,0.032007231,0.328991008,0.206154436,0.011195786,0.32899169,0.029073189,0.016325558,0.020035575
0.000426974,0.004813917,0.008813971,0.020925616,0.24483365,0.431515733,0.005641606,0.244833911,0.018088445,0.008814345,0.011291831
0.001724475,0.025651638,0.04289158,0.126333615,0.165627633,0.250337896,0.026419272,0.165627603,0.09597694,0.042893595,0.056515754
0.000580874,0.006893154,0.011870164,0.029660585,0.226736898,0.437560044,0.007775175,0.226737137,0.025068508,0.011870656,0.015246805
0.000850047,0.009596244,0.01993339,0.047107359,0.241299085,0.338942368,0.012208865,0.241298775,0.042805296,0.019934298,0.026024274
0.000571079,0.006676702,0.012532365,0.02974739,0.240719827,0.406450073,0.00777326,0.240719757,0.026046297,0.012532929,0.016230322
0.00035561,0.003671136,0.00675061,0.0138388,0.38838203,0.166301405,0.004360254,0.388382816,0.012723159,0.00675088,0.0084833
0.000414219,0.00454195,0.008755715,0.020061363,0.276093343,0.370739914,0.005540673,0.276093405,0.017770505,0.008756089,0.011232824
0.000845554,0.010244698,0.019671079,0.051144506,0.210529404,0.396862029,0.012148093,0.210529318,0.042633229,0.019671981,0.02572011
0.000406951,0.004212408,0.007647849,0.016248749,0.364861021,0.204886031,0.005016968,0.364862209,0.01460034,0.00764815,0.009609324
0.000490301,0.005278504,0.010160478,0.022328044,0.30960133,0.29281159,0.006431042,0.309600898,0.020178514,0.010160908,0.012958391
0.000361334,0.003887055,0.007460548,0.017040616,0.300371582,0.33357486,0.004779941,0.300371484,0.015154126,0.007460861,0.009537593
0.000594392,0.006510065,0.012237537,0.02609112,0.299044699,0.297720796,0.007643298,0.299044528,0.023355369,0.012238057,0.015520139
0.00038256,0.004007851,0.007154937,0.015331217,0.363481503,0.211642148,0.004711717,0.363482529,0.013670991,0.007155216,0.008979331
0.000372993,0.004186006,0.007466936,0.017109284,0.295047953,0.343914338,0.004842696,0.295048457,0.01502487,0.007467244,0.009519224
0.00047003,0.00550162,0.009424874,0.023002024,0.236330269,0.441840215,0.006153843,0.236330517,0.01948094,0.009425262,0.012040406
0.000721231,0.007708711,0.012461706,0.026618765,0.326296909,0.240128884,0.00846795,0.326297619,0.023348171,0.012462166,0.015487887
0.000633039,0.007073831,0.011510731,0.024580685,0.313421227,0.274621702,0.007529075,0.313421633,0.021339599,0.011511182,0.014357295
0.000520457,0.005536553,0.009038497,0.018858234,0.35693812,0.209187341,0.006055048,0.356939085,0.016675306,0.009038836,0.011212524
0.000400003,0.004552897,0.007722109,0.017447484,0.293950151,0.344342533,0.005026771,0.293950481,0.015127706,0.007722421,0.009757444
0.000630938,0.007571983,0.012618391,0.029223995,0.250050719,0.388275549,0.008085967,0.250050786,0.024848616,0.012618919,0.016024138
0.00040947,0.004384591,0.007753106,0.016350332,0.356940926,0.220063174,0.005028854,0.356941032,0.014651703,0.007753414,0.009723398
0.000374736,0.004081949,0.007228328,0.015172689,0.356719673,0.2250914,0.004632069,0.356719863,0.013661541,0.007228621,0.00908913
0.001427788,0.019644727,0.029353513,0.079426855,0.203221908,0.314974875,0.019503873,0.203221935,0.062299926,0.029354704,0.037569897
0.000505254,0.00574023,0.010110787,0.022890148,0.28430525,0.342454128,0.006531851,0.284305319,0.0201936,0.010111201,0.012852232
0.000344031,0.003537516,0.006665013,0.013891516,0.37900771,0.185451143,0.004304298,0.379008586,0.012731933,0.00666528,0.008392974
0.000552129,0.006126982,0.010565004,0.023612367,0.302930044,0.30158462,0.006977291,0.30293064,0.020811857,0.010565419,0.013343646
0.000603228,0.007086194,0.01259819,0.030303836,0.23340375,0.419802766,0.008085633,0.233403824,0.025979854,0.012598717,0.016134008
0.000513279,0.005738621,0.010672065,0.023492712,0.290178755,0.327267544,0.006698288,0.290178461,0.020993053,0.010672519,0.013594703
0.000326836,0.003444017,0.00648649,0.013107797,0.385347542,0.175070094,0.004081909,0.385346847,0.012130034,0.006486758,0.008171675
0.001479599,0.013675606,0.022561708,0.041404967,0.307597415,0.201726318,0.015665943,0.307597815,0.038393921,0.022562462,0.027334246
0.001168429,0.011096776,0.018771351,0.03524572,0.323603545,0.199381671,0.012819507,0.323604061,0.032613542,0.018772005,0.022923393
0.00045492,0.004646344,0.009636239,0.019919954,0.346701794,0.22514379,0.006012666,0.346701564,0.018822582,0.009636652,0.012323497
0.000539702,0.005528422,0.010922863,0.023555938,0.328344398,0.249209003,0.007018667,0.328344841,0.021687808,0.010923316,0.013925041
0.000586102,0.00617407,0.013524533,0.029727154,0.284312723,0.314104557,0.008203067,0.284312409,0.027930619,0.013525155,0.017599612
0.000525895,0.0056209,0.01113349,0.02533933,0.292490265,0.316945566,0.00707485,0.292490433,0.022907867,0.011133969,0.014337435
0.000596321,0.006616426,0.013710632,0.031715212,0.257321021,0.363913593,0.008351933,0.257320717,0.028856367,0.013711267,0.01788651
0.000867956,0.009973903,0.021916415,0.056704584,0.218815265,0.357555927,0.013222987,0.218815083,0.050959312,0.021917474,0.029251094
0.000570655,0.005780223,0.01092859,0.023523054,0.336998632,0.23192538,0.007194308,0.336999245,0.021344302,0.010929024,0.013806588
0.000649524,0.007696356,0.013980721,0.036221612,0.217647032,0.434717483,0.009029437,0.217647127,0.030311632,0.013981317,0.018117759
0.001395888,0.019239462,0.032164073,0.095785357,0.187924849,0.30839985,0.020542818,0.187924843,0.072350855,0.032165506,0.042106499
0.000897598,0.01049593,0.020279272,0.049342767,0.228098201,0.361364933,0.012558447,0.228098129,0.042270799,0.020280185,0.026313738
0.001215853,0.013157979,0.027271504,0.066693129,0.227334242,0.298725474,0.017287462,0.227334216,0.058367998,0.027272685,0.035339457
0.000649127,0.006957943,0.013973222,0.031075782,0.286653841,0.304503698,0.008810859,0.286653851,0.028729787,0.013973826,0.018018063
0.001016319,0.012468134,0.022661831,0.061611935,0.211533987,0.360644095,0.014778938,0.21153402,0.051503774,0.022662789,0.029584177
0.000782609,0.008343009,0.017391798,0.040079931,0.266007741,0.313148412,0.011043469,0.266007755,0.03721077,0.017392545,0.02259196
0.004051562,0.036665974,0.147990659,0.100619962,0.068458112,0.073104112,0.076183182,0.068458085,0.123222212,0.147994539,0.153251602
0.010413616,0.067596849,0.134973708,0.095789138,0.072778748,0.075858431,0.103965775,0.072778731,0.1047105,0.134973365,0.126161139
0.001063763,0.011583881,0.027033001,0.056854872,0.240704282,0.289625926,0.015446973,0.240703985,0.054540835,0.02703433,0.035408151
0.000845991,0.008512135,0.018699955,0.035407687,0.306490661,0.234983247,0.011233056,0.306490017,0.034854679,0.018700773,0.023781798
0.000902913,0.009251259,0.019699616,0.037627278,0.298491668,0.242490517,0.011804891,0.298491137,0.036484798,0.019700492,0.025055432
0.0009486,0.009323157,0.019813771,0.035367206,0.315218787,0.212596585,0.011903808,0.31521828,0.034905845,0.019814629,0.024889332
0.000772772,0.007122835,0.013918665,0.024708889,0.36395402,0.161504348,0.00895941,0.36395397,0.024032181,0.013919193,0.017153715
0.001259746,0.012209445,0.024611996,0.042926983,0.296683482,0.213420204,0.015161421,0.296683174,0.041960592,0.024612995,0.030469961
0.001060555,0.009612483,0.021490966,0.035806418,0.323626061,0.186787495,0.013097147,0.323625489,0.036690475,0.021491845,0.026711066
0.001230065,0.011754698,0.029583964,0.051998775,0.270748988,0.224378595,0.017214804,0.270748489,0.054836088,0.029585311,0.037920223
0.000814209,0.008005716,0.018127482,0.034473302,0.313216401,0.225348047,0.010988931,0.313215662,0.034540793,0.01812827,0.023141188
0.000984491,0.009503258,0.022096264,0.039241406,0.303646969,0.217425941,0.013112068,0.303646315,0.040195533,0.022097234,0.028050521
0.001120854,0.011420716,0.026620167,0.04904173,0.271686719,0.242388428,0.015459869,0.271686201,0.049800611,0.026621395,0.03415331
0.001492868,0.015025714,0.041409074,0.076055578,0.217768304,0.230195797,0.022895996,0.217768011,0.081498207,0.041411141,0.05447931
0.001635403,0.015263779,0.043418222,0.069416333,0.230257597,0.208721474,0.024024186,0.230257273,0.07759464,0.043420299,0.055990794
0.000826809,0.007769561,0.016232824,0.029738555,0.34108808,0.187082244,0.010295206,0.341087537,0.029354984,0.01623347,0.020290728
0.000877554,0.008404316,0.01872808,0.033565807,0.323287743,0.204387871,0.011341151,0.323287012,0.033778392,0.018728878,0.023613197
0.00106311,0.009547602,0.018422061,0.030938574,0.342590772,0.171936087,0.011782474,0.342590709,0.030256388,0.018422752,0.02244947
0.000558414,0.005378165,0.011766231,0.021373301,0.367493447,0.171013665,0.007097575,0.367492388,0.021211262,0.01176674,0.014848813
0.00069411,0.006523933,0.012699234,0.022430862,0.371695625,0.156016582,0.00807924,0.371695239,0.021803661,0.012699725,0.015661788
0.000754445,0.006979848,0.014271477,0.024805723,0.363112521,0.161479562,0.008967579,0.363112038,0.02458068,0.014272039,0.017664089
0.000524369,0.004986151,0.010552029,0.019039461,0.382795218,0.15021435,0.006506918,0.382794324,0.018810874,0.010552467,0.013223841
0.000661776,0.00649649,0.01444785,0.026751895,0.338843215,0.206031542,0.008678198,0.33884233,0.026480047,0.01444848,0.018318177
0.001934243,0.018857384,0.044375341,0.068854658,0.230195488,0.209820629,0.0250737,0.230195221,0.071226725,0.044377337,0.055089274
0.001299227,0.011767221,0.025645938,0.040762966,0.307377023,0.191662926,0.015332153,0.307376717,0.041518247,0.02564701,0.03161057
0.002082804,0.018660386,0.042215062,0.060771855,0.249195271,0.197189784,0.024342532,0.249195034,0.062965373,0.042216829,0.051165069
0.001804434,0.016285092,0.036919351,0.055007658,0.265076577,0.199514653,0.021413796,0.265076291,0.056863691,0.036920913,0.045117545
0.001069009,0.010434795,0.02318338,0.039285301,0.303376206,0.214147484,0.013470372,0.303375754,0.039409084,0.023184417,0.029064198
0.002903026,0.0247759,0.056775412,0.074967141,0.211413427,0.182348523,0.03273576,0.211413318,0.078489395,0.056777681,0.067400417
0.001865291,0.018037276,0.040932273,0.065728394,0.239707637,0.210591445,0.023950697,0.239707358,0.067726988,0.04093403,0.05081861
0.002849644,0.027577402,0.080086492,0.099826876,0.151498868,0.154595329,0.04131647,0.151498754,0.112524663,0.080090269,0.098135234
0.001744355,0.01684472,0.03737154,0.063705852,0.245904771,0.217327952,0.022728669,0.245904478,0.06455795,0.037373062,0.046536651
0.001571926,0.014019707,0.031615406,0.049035115,0.283505769,0.196398791,0.018963553,0.283505372,0.050928016,0.031616689,0.038839656
0.001713438,0.015845959,0.048665439,0.074524379,0.216829791,0.202496782,0.025812043,0.216829518,0.085437345,0.048667909,0.063177398
0.001805908,0.020176371,0.042990843,0.127750933,0.173056991,0.223449998,0.02911473,0.173056983,0.108788555,0.042992663,0.056816025
0.001152456,0.011008733,0.025321366,0.051244892,0.27407009,0.237784239,0.016090133,0.274069951,0.051376551,0.025322423,0.032559165
0.001906988,0.018138662,0.065593793,0.112922948,0.152302264,0.165881368,0.034528826,0.152302163,0.140436594,0.065597418,0.090388976
0.002053635,0.019488243,0.066405384,0.095043715,0.170792167,0.174648381,0.032969848,0.170792054,0.11340768,0.066409128,0.087989766
0.003082272,0.076947975,0.059315565,0.182395568,0.116583325,0.150051211,0.044634441,0.116583341,0.117291616,0.059317566,0.07379712
0.004580073,0.232361158,0.065665802,0.134157438,0.083453536,0.097223174,0.056988542,0.083453544,0.100669124,0.065667203,0.075780404
0.001634683,0.025582058,0.035748882,0.12436704,0.169946031,0.282375724,0.024172764,0.16994608,0.08382836,0.035750385,0.046647992
0.000961759,0.012234138,0.018748709,0.052221815,0.212079421,0.395695944,0.012816451,0.212079644,0.040423028,0.01874945,0.023989641
0.000698779,0.008890954,0.014256492,0.037587963,0.207848674,0.450505047,0.009399587,0.207848827,0.030386172,0.014257082,0.018320423
