C1,C2,C3,C4,C5,C6,C7,C8,C9
0.000457148,0.002697818,0.016166485,0.548968392,0.007374733,0.027115843,0.352486315,0.031760807,0.012972459
0.000418145,0.002684571,0.019613096,0.34900842,0.008026969,0.037867096,0.520602606,0.046378193,0.015400905
0.000223921,0.001420821,0.010191283,0.505904229,0.003856131,0.019164627,0.429645093,0.021602325,0.007991569
0.000129302,0.00079867,0.005469751,0.564001007,0.002312408,0.009940345,0.401360129,0.011689846,0.004298542
0.000231541,0.001466407,0.010892192,0.449733697,0.004163008,0.020314865,0.481581664,0.023215019,0.008401607
0.000434362,0.002760992,0.021646759,0.48505918,0.007144476,0.038085352,0.389073788,0.039598508,0.016196584
0.000323371,0.002042673,0.015233264,0.573420522,0.005138352,0.0267266,0.337752708,0.027703889,0.01165862
0.000480786,0.003082986,0.024737862,0.476292789,0.007824306,0.043514141,0.381757387,0.043735369,0.018574374
0.000261776,0.001630425,0.011815739,0.597993014,0.004335614,0.020698766,0.331986474,0.022216554,0.009061637
0.000177797,0.001074057,0.007299284,0.677618245,0.003019245,0.01238365,0.278862788,0.013916191,0.005648741
0.000207981,0.001258128,0.008527933,0.715982222,0.003324627,0.014154586,0.234706302,0.015266784,0.006571437
0.000210793,0.001301525,0.009368466,0.643521802,0.003480327,0.016203774,0.301195,0.017530871,0.007187442
0.000129919,0.000779262,0.005106287,0.752672823,0.002166734,0.008719549,0.216486312,0.009933351,0.004005763
0.000237719,0.001400754,0.008451412,0.71809424,0.003719751,0.014224839,0.231022848,0.016074965,0.006773473
0.000313877,0.001839154,0.011313688,0.625283079,0.005063741,0.018814477,0.306500596,0.02190676,0.008964629
0.000106657,0.000643894,0.00425189,0.703147749,0.001813932,0.007506574,0.270262635,0.008921988,0.003344681
0.000135265,0.000807649,0.005147067,0.740256679,0.00224236,0.00891348,0.228042135,0.010385112,0.004070253
0.000146638,0.000914576,0.006859075,0.508169833,0.002588825,0.012428228,0.449388987,0.014288531,0.005215307
0.000400651,0.002309692,0.013256294,0.629952948,0.006262484,0.021701579,0.290413942,0.025001346,0.010701064
0.000252591,0.001477421,0.008896161,0.692869342,0.004017276,0.014781727,0.25356084,0.017043876,0.007100767
0.000220081,0.001306318,0.008053233,0.68743206,0.003561218,0.013726665,0.263360253,0.015902121,0.006438051
0.00021402,0.001259582,0.007718289,0.730560687,0.003355921,0.012917792,0.223186096,0.014641802,0.006145811
0.000111552,0.000672039,0.004418699,0.774386129,0.001829915,0.00759136,0.198826789,0.008696488,0.003467028
8.90E-05,0.000542476,0.003605364,0.676666135,0.001560106,0.006437501,0.300597194,0.00766317,0.00283904
0.000155039,0.000925964,0.005998125,0.696812545,0.002582216,0.010231213,0.266609836,0.011978917,0.004706145
0.000244368,0.00154313,0.012040768,0.37400488,0.004500942,0.022019348,0.550666463,0.025908267,0.009071833
8.83E-05,0.000541391,0.003802682,0.697583636,0.00150444,0.006746316,0.279003324,0.007784644,0.002945302
0.000131321,0.000821662,0.006092667,0.426978568,0.002392911,0.011124893,0.534667244,0.013138622,0.004652114
0.000180453,0.001075037,0.006679192,0.650449709,0.003008546,0.011846644,0.307155995,0.014209563,0.005394861
0.000166176,0.001002566,0.006469201,0.591188004,0.002838951,0.011587497,0.367544598,0.014033478,0.005169528
9.98E-05,0.000599588,0.00379832,0.688911011,0.001711956,0.006838322,0.286658459,0.00832843,0.003054165
0.000137477,0.000820122,0.005101495,0.646416865,0.002356132,0.009095786,0.320785881,0.011168578,0.004117665
0.000116928,0.000707781,0.004519419,0.65226074,0.001993895,0.008190025,0.318621313,0.009958539,0.00363136
9.77E-05,0.000601925,0.004161544,0.572068262,0.001689648,0.007607718,0.401394675,0.009110854,0.003267681
0.000109372,0.000674537,0.004635381,0.412821979,0.001950103,0.008679604,0.556690459,0.010756182,0.003682383
9.81E-05,0.000592624,0.003968509,0.787696545,0.001616085,0.006843552,0.18830274,0.007781716,0.003100169
0.000102714,0.000618434,0.004017682,0.735534215,0.001761693,0.006997121,0.239535568,0.008256045,0.003176528
7.06E-05,0.000427425,0.00276772,0.815132191,0.001181491,0.004900701,0.167576681,0.005742762,0.002200423
0.000160894,0.000973241,0.006365692,0.726989804,0.002613635,0.010940697,0.234581816,0.012358305,0.005015917
0.000137908,0.000860456,0.006003211,0.64885953,0.002311743,0.010925106,0.313787685,0.012416757,0.004697606
0.000355405,0.002056071,0.011808662,0.636878245,0.005694218,0.019668412,0.29098483,0.022979987,0.00957417
0.000257088,0.001521339,0.009847002,0.67461453,0.00417575,0.016195095,0.267584683,0.018122504,0.00768201
0.000344735,0.001976809,0.01144747,0.654579043,0.005467215,0.018756783,0.276417263,0.021802754,0.009207928
7.29E-05,0.00043559,0.002746214,0.839234642,0.001218013,0.004776754,0.14373912,0.005588779,0.002188019
8.31E-05,0.000496297,0.003121898,0.817072031,0.001376483,0.005451957,0.163491697,0.006412739,0.002493832
0.000106444,0.000637445,0.003977363,0.778224375,0.001771917,0.006973406,0.196913848,0.008209904,0.003185299
0.000153721,0.000923274,0.006255803,0.719199641,0.002541752,0.010556471,0.243597705,0.01193073,0.004840903
0.000117115,0.000700975,0.004677345,0.773934204,0.001925315,0.007951585,0.198005966,0.009038659,0.003648836
0.000406487,0.002334066,0.013299317,0.625924385,0.006413169,0.021913115,0.293487396,0.025435115,0.01078695
9.69E-05,0.000593034,0.004106383,0.607270015,0.001729421,0.00737805,0.366883527,0.008733586,0.003209132
0.000276262,0.001639476,0.010477345,0.683696799,0.004300402,0.017323722,0.25491511,0.019160324,0.00821056
0.00010935,0.000672723,0.004640165,0.762822727,0.001795147,0.008216913,0.208976628,0.009151606,0.00361474
0.000133175,0.000808972,0.005597975,0.742573367,0.002196431,0.009499505,0.224269823,0.01061384,0.004306912
0.000328382,0.001912352,0.011459966,0.690424445,0.004944808,0.018613219,0.242568598,0.02063678,0.009111449
0.000134846,0.000820721,0.005432772,0.759089972,0.002165104,0.009469893,0.207976825,0.010643164,0.004266703
0.000251721,0.001488413,0.009411788,0.711665678,0.003899659,0.015558687,0.233090187,0.017216256,0.007417611
0.000192907,0.001136783,0.007156157,0.75827827,0.003007461,0.01174566,0.19975601,0.013103599,0.005623153
6.71E-05,0.00040247,0.002580103,0.849720647,0.001101706,0.00450094,0.134348562,0.005230403,0.002048103
0.000199137,0.001176851,0.007322067,0.762253017,0.003074015,0.012102823,0.19467084,0.013417945,0.005783305
0.000176485,0.001055956,0.006805877,0.766237612,0.002736711,0.011454196,0.193591171,0.012593345,0.005348648
0.000300822,0.00176231,0.010564848,0.685798447,0.004625875,0.017572691,0.251149415,0.019753137,0.008472456
0.00016234,0.000973562,0.006257527,0.741239949,0.002594593,0.010805196,0.220753349,0.012250171,0.004963313
0.000136307,0.000835774,0.005611944,0.720033414,0.002212626,0.01003305,0.245320086,0.011377972,0.004438829
0.000174358,0.001093887,0.008013508,0.599572417,0.002896673,0.014726883,0.350989828,0.016320045,0.006212402
0.000160196,0.000997592,0.007067557,0.630087659,0.002688862,0.01276911,0.326343946,0.014423794,0.005461284
0.000388517,0.002248061,0.013615219,0.675540992,0.005766542,0.021421809,0.247042464,0.023275531,0.010700866
0.000286943,0.001721195,0.011349729,0.700495371,0.004332306,0.018527835,0.23484725,0.019624759,0.008814612
0.000328232,0.001940389,0.012167252,0.682804026,0.004931375,0.01963604,0.247383343,0.021270748,0.009538595
8.74E-05,0.000529525,0.003580864,0.835786891,0.001410385,0.006084737,0.143007592,0.0067358,0.002776847
0.000342233,0.002006714,0.012141652,0.681464045,0.005098255,0.019871428,0.247620622,0.021794804,0.009660246
0.000390109,0.002247342,0.013255205,0.670144289,0.00588241,0.021089744,0.253116217,0.023343262,0.010531421
0.000402886,0.002320038,0.013557522,0.663311492,0.006081347,0.021591881,0.257937567,0.023993244,0.010804023
0.000155695,0.000945615,0.006697415,0.727303927,0.002550498,0.01116631,0.23385012,0.012250123,0.005080296
0.000181833,0.001092471,0.007413583,0.750447927,0.002887947,0.012132847,0.207011555,0.01315159,0.005680246
0.00016892,0.001032774,0.007318096,0.720771198,0.002743132,0.012427869,0.236523276,0.013421081,0.005593654
0.00047244,0.002930551,0.022366701,0.511544773,0.007676275,0.036567262,0.363615793,0.038251933,0.016574273
0.000323117,0.001860754,0.011069257,0.685001109,0.005013737,0.017718789,0.250273173,0.019971058,0.008769006
0.00017478,0.001025169,0.006319603,0.773197783,0.002742064,0.010457468,0.189262565,0.011816314,0.005004254
0.000306966,0.001768386,0.010400262,0.703522945,0.004719055,0.016766558,0.235367166,0.018856593,0.008292068
0.000127183,0.000760295,0.005046929,0.788586768,0.002059109,0.008388969,0.181729293,0.009387713,0.003913743
0.000167983,0.000998767,0.006332594,0.766781766,0.002656719,0.010639808,0.195516358,0.011909776,0.004996229
0.00016121,0.000995128,0.007388314,0.527748882,0.002884515,0.012932577,0.427372727,0.014934889,0.00558176
0.000204185,0.001263192,0.009338081,0.547095948,0.003561636,0.016374099,0.396603456,0.01846459,0.007094813
0.000149351,0.000884295,0.005550004,0.765839565,0.002455717,0.009319572,0.20074486,0.010666304,0.004390332
0.000589468,0.003321436,0.018473463,0.613441369,0.008607993,0.028728912,0.28020752,0.031802578,0.014827261
0.000332417,0.001929178,0.011614813,0.673459407,0.005198762,0.018605214,0.258787657,0.02090458,0.009167972
0.000238069,0.001389175,0.008421114,0.73192662,0.003704524,0.013750905,0.218421407,0.015480896,0.00666729
0.000296362,0.001804556,0.012376754,0.560992759,0.005036021,0.021212429,0.364600333,0.024098164,0.009582622
0.00018927,0.001153346,0.007746996,0.596074329,0.003286065,0.013573714,0.356097346,0.015825728,0.006053206
0.000135048,0.000814661,0.005352765,0.750192515,0.002215466,0.009210272,0.217381365,0.01049207,0.004205837
0.00012392,0.000741871,0.004744213,0.747247471,0.002075988,0.00819931,0.223533447,0.009569799,0.003763981
0.000143463,0.000859318,0.005386429,0.685887902,0.002481718,0.009417774,0.280294732,0.011225676,0.004302989
9.59E-05,0.000586104,0.003857035,0.698120332,0.001664585,0.006952511,0.277425881,0.008239815,0.00305785
0.000202251,0.001232925,0.008179309,0.677980218,0.003294541,0.014019038,0.273021839,0.015672638,0.00639724
0.000191931,0.001153271,0.007470621,0.682270664,0.003174397,0.012882651,0.272115658,0.014840023,0.005900784
0.000172116,0.001052856,0.007099697,0.566528081,0.002991927,0.012794612,0.388461289,0.015304655,0.005594767
7.33E-05,0.000445122,0.003004952,0.792898377,0.001239279,0.005269955,0.188609703,0.006116357,0.002343
0.000294138,0.001769429,0.01191397,0.600474682,0.004876861,0.020204017,0.328374071,0.022821267,0.009271565
0.000127022,0.000767646,0.005027071,0.735723395,0.002105331,0.008801727,0.233271374,0.010209401,0.003967033
0.00020074,0.001248003,0.009111561,0.629076862,0.003312481,0.015931731,0.316690731,0.01749203,0.006935861
0.000322066,0.001966872,0.013692255,0.557827614,0.00547725,0.023479956,0.360598323,0.02606541,0.010570254
0.001245962,0.008378301,0.05475918,0.200737043,0.030911988,0.12457061,0.29544375,0.236067235,0.047885932
0.000902267,0.005998159,0.038960074,0.235751645,0.021596506,0.091492543,0.402335618,0.16923978,0.033723409
0.000634462,0.004143851,0.02805098,0.24726187,0.014731555,0.063591687,0.508303703,0.109672535,0.023609356
0.000264553,0.001665451,0.010858032,0.251696409,0.005438505,0.022225164,0.666893694,0.031987791,0.008970401
0.000775026,0.005101127,0.035168888,0.232351129,0.020318388,0.080286907,0.448930559,0.147421138,0.029646838
0.000412267,0.00263505,0.016978295,0.279404871,0.008690228,0.03637058,0.587322669,0.053959335,0.014226706
0.00020555,0.001259407,0.008072247,0.345900834,0.003845489,0.015298641,0.598608084,0.020272698,0.00653705
0.000275329,0.001651095,0.010018421,0.346933018,0.005556196,0.018446945,0.583675943,0.025253446,0.008189606
0.000378399,0.002383296,0.015598785,0.253396389,0.008437531,0.032090873,0.625556854,0.049324918,0.012832956
0.000340115,0.002018967,0.011543606,0.484329017,0.006044746,0.020991679,0.438113632,0.02703234,0.009585897
0.000155103,0.000947133,0.005984363,0.39419467,0.002905689,0.011156877,0.565353964,0.014455508,0.004846693
0.000143644,0.000874566,0.005514878,0.455972357,0.002601194,0.010229139,0.507190701,0.013004258,0.004469264
0.00020638,0.001255183,0.007832271,0.516086653,0.003633998,0.014301456,0.432593498,0.017748178,0.006342383
0.000173948,0.001087869,0.007087252,0.374665094,0.003171696,0.013862188,0.576404883,0.017766267,0.005780803
0.00018511,0.001173748,0.00801269,0.262724943,0.003561248,0.016202743,0.680184143,0.021463609,0.006491765
0.000164102,0.001057361,0.007832412,0.213257132,0.003191039,0.016406782,0.730057903,0.021788466,0.006244802
0.000336625,0.002198003,0.01573996,0.262506331,0.006747574,0.034861368,0.615593177,0.049101085,0.012915876
0.000178461,0.001106045,0.007380698,0.293961385,0.003416895,0.014274994,0.654647069,0.019084086,0.005950367
0.000227058,0.001455363,0.010547948,0.225706511,0.004631423,0.022011855,0.696132505,0.03083813,0.008449205
0.000197797,0.001238413,0.008349879,0.271194326,0.003872713,0.016557094,0.669500574,0.022324503,0.006764702
0.00013894,0.000868168,0.006080328,0.373633639,0.002533317,0.011578096,0.585977637,0.014396542,0.004793332
0.00017445,0.001094152,0.007417328,0.282344491,0.003318098,0.01466845,0.66550861,0.019500768,0.005973652
0.000288719,0.001738905,0.010784809,0.432135216,0.005305572,0.019659423,0.495926137,0.025412075,0.008749145
0.000346997,0.002054128,0.012224241,0.528314265,0.005890404,0.021648896,0.392821766,0.026715459,0.009983844
0.000492549,0.003027164,0.019086823,0.320639705,0.010052017,0.037134907,0.540614334,0.05318721,0.015765291
0.000272778,0.001726984,0.011729599,0.275860273,0.005455066,0.023997965,0.638469253,0.032898835,0.009589247
0.000375063,0.002453751,0.01941402,0.268413001,0.007852469,0.040451925,0.59211557,0.053846874,0.015077326
0.000268567,0.001561978,0.009089953,0.650931304,0.004457871,0.015340115,0.292723031,0.01826298,0.007364201
0.000119594,0.000709313,0.004415885,0.755515824,0.002020385,0.007555727,0.217214957,0.008931734,0.003516583
0.000273723,0.001583746,0.009150846,0.65559524,0.004472487,0.015354566,0.287762469,0.018404331,0.007402592
0.000311064,0.001784157,0.010380763,0.617875373,0.005207059,0.017211287,0.318066945,0.020804282,0.00835907
7.75E-05,0.000475219,0.003240794,0.317161742,0.001446986,0.006010355,0.66140985,0.007615487,0.002562089
6.12E-05,0.000370288,0.002415858,0.708187748,0.001088565,0.004344246,0.276310795,0.00530071,0.001920544
9.71E-05,0.000580295,0.003660749,0.688497135,0.001683258,0.006489019,0.288109912,0.007954212,0.002928341
8.42E-05,0.000505073,0.003228963,0.704621686,0.00147073,0.005700844,0.274866869,0.006951874,0.00256978
8.67E-05,0.000523249,0.003360415,0.597942766,0.001547918,0.006063811,0.380260569,0.007529429,0.0026851
0.00012482,0.000751764,0.004791358,0.516776333,0.002264074,0.008690415,0.451866991,0.010897965,0.003836279
0.000152823,0.000908642,0.005575647,0.61598322,0.002692725,0.009875904,0.348134818,0.012183267,0.004492954
9.48E-05,0.000577222,0.00380636,0.637499962,0.00165907,0.006840825,0.338256632,0.008251507,0.00301362
0.000105461,0.000639162,0.004062726,0.631878942,0.001847055,0.007352843,0.341874741,0.008978594,0.003260475
0.000323077,0.001871814,0.011213579,0.626948508,0.005327197,0.018354189,0.305543251,0.021506303,0.008912082
8.16E-05,0.000487338,0.003077664,0.791719197,0.001391336,0.00537212,0.189025536,0.006395731,0.002449437
0.000183974,0.001074151,0.006436492,0.694274138,0.003134555,0.010885906,0.265783708,0.013068043,0.005159033
0.000231615,0.001385618,0.009377427,0.623957225,0.003947821,0.015559425,0.32046189,0.017894013,0.007184966
0.000120244,0.000725603,0.004943038,0.649072595,0.002122139,0.008491754,0.320632118,0.010075263,0.003817246
8.91E-05,0.000532412,0.003472202,0.800148695,0.001499661,0.005914389,0.17874927,0.006875014,0.002719223
0.000147911,0.000911637,0.006535253,0.443122379,0.002712831,0.011732524,0.515733353,0.014070432,0.00503368
0.000118649,0.000705273,0.004418113,0.727465075,0.002027995,0.007646549,0.244936926,0.009168793,0.003512627
0.000200976,0.001271802,0.00960237,0.343011452,0.003836807,0.018137757,0.594484092,0.022075512,0.007379233
0.000100506,0.000622691,0.004436164,0.346896302,0.001854192,0.008277392,0.624174114,0.010186241,0.003452399
0.000104555,0.00063317,0.004109235,0.566687784,0.001883762,0.007400912,0.406733917,0.009181336,0.003265331
0.00014116,0.000882852,0.00642608,0.252899947,0.002764518,0.012138177,0.704181681,0.015583329,0.004982256
0.000147937,0.000886259,0.005647937,0.607107956,0.002599093,0.00998768,0.356919111,0.012209243,0.004494784
0.000264966,0.001548362,0.009162667,0.61235503,0.004422236,0.015799822,0.329779448,0.019231373,0.007436096
0.000115279,0.000695764,0.004559454,0.546828375,0.002052045,0.008159038,0.423910814,0.010068138,0.003611095
8.08E-05,0.00049211,0.003292069,0.466501035,0.001460014,0.006018194,0.512037569,0.007511795,0.002606368
0.000172552,0.001024182,0.006294112,0.674055952,0.00289338,0.010971588,0.286370663,0.01315955,0.005058022
0.00014088,0.000831273,0.005108516,0.744303193,0.002310092,0.008767394,0.224072535,0.010380178,0.00408594
8.07E-05,0.0004803,0.003009191,0.803625134,0.001353564,0.005243279,0.177546486,0.006260249,0.002401106
0.000225368,0.001321232,0.007876365,0.563345065,0.004011725,0.013631828,0.3861238,0.017108327,0.00635629
8.99E-05,0.000542964,0.003544242,0.57567876,0.001623694,0.006333432,0.401567263,0.007814128,0.00280558
0.000251798,0.001526464,0.009902835,0.366857644,0.004935303,0.017886605,0.567536205,0.023233813,0.007869332
0.000105843,0.000655735,0.004659014,0.224850531,0.002060491,0.008748972,0.743999727,0.011277645,0.003642043
0.000159093,0.000945463,0.005871152,0.586647336,0.002873158,0.010286274,0.375774585,0.012739852,0.004703086
0.000173423,0.001037954,0.006612122,0.495059719,0.003205175,0.011686629,0.462342315,0.014612242,0.005270421
0.000102194,0.000616739,0.004100349,0.510133107,0.001896053,0.007267038,0.463679276,0.008982142,0.003223103
9.06E-05,0.000549827,0.003744807,0.558982284,0.001644609,0.006626591,0.417427526,0.008015304,0.002918499
0.000115209,0.000683553,0.004244547,0.742807075,0.001969165,0.007352841,0.230667614,0.008770839,0.003389157
0.000171381,0.001013878,0.006128853,0.635192222,0.00298542,0.010700824,0.325719588,0.013140458,0.004947378
0.000151726,0.00092029,0.005935057,0.410169467,0.002846808,0.010827345,0.550627619,0.013767339,0.004754349
0.000144693,0.000873885,0.005591918,0.462198602,0.002662473,0.010139271,0.501112821,0.012784865,0.004491472
0.000105196,0.000641669,0.00427892,0.359914232,0.002005926,0.007781638,0.612043385,0.009846166,0.003382869
0.000123623,0.000758931,0.0049925,0.47499145,0.002266385,0.009183259,0.492344152,0.011357033,0.003982668
8.99E-05,0.000557765,0.003748203,0.30755245,0.001672506,0.007101661,0.667296152,0.00898852,0.002992873
0.00019084,0.001179142,0.007974155,0.326356155,0.003665425,0.014903264,0.620156223,0.019227945,0.006346852
0.00016806,0.001013019,0.006291001,0.417164647,0.003105598,0.011641621,0.540326389,0.015171597,0.005118068
0.000179917,0.001080634,0.006671306,0.498486469,0.003316908,0.012024289,0.457642674,0.015208684,0.005389119
0.000191091,0.001133425,0.006845806,0.647987022,0.003257826,0.011959962,0.308604062,0.014490181,0.005530625
0.0001938,0.001165629,0.007364488,0.509369276,0.003405861,0.013266003,0.442654734,0.016663164,0.005917043
0.000238679,0.001409519,0.008438819,0.55176576,0.004182673,0.014933108,0.393483092,0.018684192,0.006864159
0.000165392,0.001004865,0.006463907,0.434699109,0.002989779,0.01192677,0.522327108,0.015221511,0.005201558
0.000302356,0.001820589,0.011130006,0.397472336,0.005770044,0.020713873,0.526301753,0.027353166,0.009135877
0.000142206,0.000868805,0.005577659,0.39481261,0.002648888,0.010435521,0.567611606,0.013391031,0.004511674
0.000180784,0.001115352,0.007391193,0.296991235,0.003536729,0.014159517,0.651802624,0.018864146,0.005958419
0.000236962,0.001497378,0.010362907,0.20878046,0.005100206,0.021379755,0.712574827,0.031645949,0.008421557
0.000125578,0.000781628,0.005365855,0.199590921,0.002498406,0.01043001,0.762754014,0.014160397,0.004293191
0.000278503,0.001781959,0.012803955,0.217774868,0.006026375,0.02677137,0.68436527,0.039882495,0.010315204
0.000126017,0.000801025,0.005602174,0.166502036,0.00255761,0.011554332,0.792203087,0.016130092,0.004523627
0.000269167,0.001724244,0.012331169,0.230220748,0.005663675,0.025731049,0.677093132,0.037013081,0.009953735
0.000154786,0.000965872,0.006464112,0.236128272,0.003036787,0.012889064,0.71760697,0.017479025,0.005275112
0.000341233,0.001994869,0.011469245,0.517718362,0.006069452,0.020223765,0.406998816,0.02573519,0.009449069
0.000173996,0.001041097,0.006378577,0.558912162,0.003079677,0.01155362,0.399241977,0.014430277,0.005188617
0.000225306,0.001348823,0.008356709,0.538037941,0.003975401,0.015069702,0.407530484,0.018671651,0.006783984
0.000220288,0.001297593,0.007891962,0.499005025,0.003974812,0.013971546,0.449300364,0.017940487,0.006397923
0.000154567,0.000940809,0.006262684,0.284146193,0.002993308,0.011709561,0.673129864,0.015651496,0.005011518
8.25E-05,0.000501394,0.003427364,0.487528868,0.00150904,0.00613087,0.490578456,0.007560841,0.002680624
0.00013319,0.000829135,0.005914908,0.244011659,0.002635345,0.011266364,0.715887232,0.01467187,0.004650296
0.000127821,0.0007608,0.004709931,0.664020346,0.002216288,0.008357016,0.305737316,0.010272778,0.003797703
0.000157185,0.000957378,0.006492561,0.458487274,0.002898846,0.011635984,0.499875692,0.014395232,0.005099847
0.000316172,0.002009234,0.014567885,0.28649089,0.006532707,0.029217732,0.609876034,0.039426258,0.011563088
0.000464824,0.002756547,0.016550902,0.345611008,0.009851279,0.029857906,0.539422444,0.041956424,0.013528666
0.000460507,0.002758375,0.017020512,0.326112502,0.009942849,0.031191816,0.554142435,0.044523008,0.013847996
0.000346072,0.002155806,0.014718963,0.254026402,0.00777027,0.028625278,0.638256684,0.042313184,0.01178734
0.00026493,0.001597966,0.010315425,0.310415388,0.00552221,0.019000622,0.618510775,0.026088581,0.008284103
0.000206109,0.001245634,0.007998651,0.291168794,0.00417626,0.01484362,0.653665584,0.020248415,0.006446933
0.00012874,0.000788862,0.005175437,0.241321492,0.002543589,0.009785188,0.72287884,0.013211548,0.004166306
0.000176458,0.001108002,0.007694457,0.206547141,0.00367794,0.015136821,0.738478995,0.021034124,0.006146061
0.000146157,0.000900144,0.005873341,0.230717,0.002987187,0.011274828,0.727877726,0.015474981,0.004748636
0.000455696,0.00274811,0.01688762,0.337387456,0.009709761,0.031202733,0.544591644,0.043237927,0.013779053
0.000264337,0.001569191,0.009442679,0.539869494,0.004737869,0.016609561,0.399317388,0.020553142,0.00763634
0.000693587,0.003929573,0.020666438,0.48593009,0.011646472,0.034818063,0.381273,0.043775053,0.017267723
0.000271725,0.001605942,0.009525979,0.5467098,0.004768999,0.016756236,0.391675936,0.020932858,0.007752524
0.000169225,0.001021683,0.006430665,0.44706066,0.00311826,0.011696938,0.510329676,0.014987038,0.005185854
0.000150807,0.000922196,0.005954029,0.340678261,0.002858449,0.011191395,0.618829982,0.014615471,0.004799409
0.000240233,0.001439967,0.008748282,0.498903382,0.004302025,0.015840083,0.443381779,0.020015348,0.007128902
0.000499863,0.002868917,0.01579978,0.557044514,0.008126566,0.026515622,0.344220192,0.031939963,0.012984584
0.00016494,0.001023853,0.00707411,0.268197055,0.003182123,0.013495717,0.683459632,0.017803309,0.00559926
0.001025288,0.006814164,0.054659661,0.221302225,0.02796266,0.111967094,0.353390176,0.180211862,0.04266687
0.000253845,0.001587293,0.010620521,0.270441347,0.005219032,0.021027388,0.653464883,0.028792313,0.008593377
0.00043134,0.002784742,0.021710239,0.332548089,0.008331307,0.043795772,0.519524494,0.053972714,0.016901301
0.000253087,0.001594083,0.011819916,0.296068728,0.005097652,0.022678368,0.62400893,0.029358455,0.009120782
0.000145643,0.000874136,0.005655792,0.662779787,0.002511951,0.009959163,0.301746013,0.011850664,0.004476852
0.000167843,0.001047799,0.007426878,0.330866702,0.003122446,0.014058231,0.619647983,0.01781104,0.005851078
0.000428585,0.002754332,0.0213382,0.274949987,0.009029873,0.042749345,0.572422557,0.059717812,0.01660931
0.000173184,0.00104192,0.006601152,0.572898235,0.002998406,0.011802028,0.384638722,0.01455055,0.005295803
0.000214332,0.001329976,0.009277633,0.42736241,0.003897596,0.017215075,0.512276358,0.021141023,0.007285597
0.000141575,0.000882137,0.006072273,0.361646299,0.002575374,0.011557053,0.59772135,0.014582299,0.00482164
0.000269013,0.001648121,0.011638899,0.415359207,0.004990825,0.020511906,0.511243908,0.025342208,0.008995913
0.000160085,0.000962978,0.006051626,0.554669574,0.002814844,0.01084974,0.406090021,0.013524175,0.004876958
0.000144171,0.000889005,0.005925932,0.347857996,0.002757441,0.011167344,0.612193207,0.014326037,0.004738867
0.00018584,0.001148093,0.007624739,0.2627381,0.003753396,0.014725171,0.683636831,0.020058787,0.006129042
0.000336528,0.001967749,0.011440783,0.50552259,0.006055691,0.02018055,0.41934044,0.0257632,0.009392469
0.000283557,0.001664949,0.010413196,0.445034089,0.005388325,0.017867955,0.487994846,0.023091663,0.00826142
0.000224584,0.001309821,0.007737233,0.570343167,0.00401862,0.013363178,0.379928554,0.016814016,0.006260827
0.000151147,0.000916556,0.005950811,0.339188524,0.002944482,0.010865806,0.621067763,0.014171419,0.004743492
0.000277011,0.001691879,0.011439608,0.307853485,0.005759537,0.020826032,0.615225145,0.027929705,0.008997597
0.000172385,0.001036281,0.006652319,0.541270035,0.003111782,0.011737835,0.416229796,0.014506298,0.005283271
0.000155733,0.000941171,0.006176697,0.522220671,0.002870833,0.01085204,0.438623533,0.013307749,0.004851575
0.00080638,0.005077904,0.033520427,0.276740311,0.019948025,0.066567196,0.467902413,0.101922986,0.027514358
0.000213143,0.001314237,0.008756106,0.359334097,0.004146175,0.016388934,0.581966951,0.020889293,0.006991064
0.000144323,0.000874992,0.005727027,0.609852564,0.002480723,0.010260229,0.353818525,0.012282391,0.004559227
0.000241479,0.001473046,0.009334623,0.4092507,0.004561445,0.017304697,0.528220196,0.022047165,0.007566648
0.000267186,0.001670836,0.011543434,0.283692248,0.005426788,0.022259588,0.636214053,0.029713605,0.009212261
0.000221723,0.001365414,0.009649308,0.379085323,0.004224342,0.017653747,0.558266589,0.022007539,0.007526014
0.000135084,0.000817028,0.005576876,0.636932999,0.002388605,0.009701785,0.328714961,0.011396007,0.004336656
0.000806814,0.004523486,0.023565285,0.527537711,0.012121109,0.037899031,0.330005458,0.044051648,0.019489457
0.00060038,0.003429432,0.018769068,0.558376605,0.009328687,0.030717008,0.327542025,0.035874277,0.015362517
0.000203908,0.001272594,0.009131929,0.541073557,0.0034722,0.016688362,0.401975533,0.019077708,0.007104211
0.000246252,0.001522815,0.010326058,0.492198111,0.004213467,0.019235344,0.441053471,0.022995994,0.008208489
0.00027382,0.001756619,0.013715708,0.394577029,0.004850065,0.026352801,0.517369654,0.03062971,0.010474594
0.000234237,0.001467671,0.010388456,0.393400768,0.004224632,0.020019909,0.537362516,0.024688415,0.008213396
0.000275201,0.001755558,0.013679532,0.337545322,0.005196696,0.026721756,0.571640294,0.032713565,0.010472076
0.000449566,0.002997957,0.024869938,0.296193227,0.0088775,0.054166042,0.52471266,0.068512065,0.019221046
0.000260221,0.0015854,0.010131218,0.524442348,0.004389574,0.018618675,0.409678934,0.022719219,0.00817441
0.000303907,0.001919158,0.01353687,0.272271404,0.006228912,0.027539581,0.628892349,0.038368242,0.010939575
0.000794614,0.005131144,0.038236954,0.2532006,0.019629834,0.079585095,0.44323868,0.129434096,0.030748983
0.000456566,0.002884553,0.021985564,0.305375041,0.009203223,0.042434793,0.543941365,0.056617724,0.017101171
0.000667836,0.004278509,0.031515305,0.320714901,0.012276927,0.063249291,0.459442119,0.082659934,0.025195178
0.00030659,0.001935524,0.013884488,0.402542841,0.005552168,0.026824348,0.506007165,0.032006985,0.010939891
0.00053775,0.003492432,0.024710989,0.283515342,0.011542292,0.053321169,0.527513897,0.075005183,0.020360946
0.000389523,0.002507926,0.018162945,0.376303347,0.007013717,0.036949051,0.500019968,0.044065617,0.014587907
0.002964153,0.024611227,0.24460617,0.084702519,0.043081837,0.190088657,0.090929697,0.136142915,0.182872824
0.009176018,0.065274896,0.195711265,0.091225805,0.087131395,0.148689125,0.095444567,0.127707587,0.179639342
0.00057289,0.003720154,0.032840949,0.346702608,0.010577634,0.060930657,0.452364553,0.06825258,0.024037973
0.000427035,0.002665898,0.020339178,0.491313422,0.007136836,0.035402431,0.389459982,0.037819881,0.015435335
0.000461358,0.002848882,0.021761744,0.470762458,0.007878978,0.03723504,0.402034087,0.040690838,0.016326613
0.000483451,0.002939335,0.021714412,0.527133705,0.007834204,0.035194845,0.351299977,0.037201692,0.016198378
0.000339823,0.001993055,0.012435819,0.683988775,0.005088897,0.020112444,0.244507861,0.021734882,0.009798445
0.000682204,0.004060403,0.027947189,0.494308095,0.010864454,0.044068204,0.349654741,0.047144685,0.021270025
0.00054041,0.003300773,0.023247142,0.575828885,0.007929611,0.037029454,0.297659214,0.036809662,0.017654849
0.000681537,0.004430547,0.036381963,0.435958258,0.010694773,0.063499227,0.36039621,0.060847568,0.027109917
0.000407198,0.00258954,0.019511879,0.51192419,0.006621976,0.035050558,0.372394092,0.036549843,0.014950724
0.00051256,0.003232118,0.025038574,0.503909625,0.008137754,0.04262476,0.355053896,0.042676075,0.018814639
0.000607778,0.003897866,0.031993505,0.425439255,0.010320376,0.055704246,0.39169708,0.056691539,0.023648355
0.000874131,0.005896233,0.056014616,0.326247369,0.014654205,0.103854913,0.354043442,0.097713763,0.040701327
0.000974406,0.006504287,0.059616585,0.361513959,0.014847748,0.100269095,0.326195138,0.087017314,0.043061468
0.000394936,0.002420563,0.016072019,0.605756367,0.00606556,0.027442032,0.300095208,0.029130419,0.012622896
0.000438402,0.002726205,0.020046167,0.552395112,0.006889112,0.033799307,0.333709383,0.034767987,0.015228325
0.000515452,0.002965352,0.018146332,0.632500346,0.007465812,0.027618957,0.267301638,0.029405908,0.014080203
0.000245153,0.001505467,0.011108958,0.660204986,0.003880226,0.018529363,0.2767078,0.019466227,0.00835182
0.000292306,0.001721236,0.010959285,0.705550442,0.004482096,0.017545166,0.231976672,0.018937989,0.008534808
0.000332267,0.001981373,0.013017321,0.6826473,0.004998435,0.020934603,0.244059006,0.021952327,0.010077368
0.000211993,0.00129222,0.009014146,0.72281823,0.003301217,0.014945374,0.225741036,0.015788891,0.006886892
0.000313486,0.001960404,0.014791103,0.570429708,0.005080895,0.025196803,0.344501591,0.026579244,0.011146765
0.001186963,0.007439343,0.061074161,0.361499678,0.019038488,0.088694542,0.331702628,0.086079676,0.043284521
0.000700333,0.004167041,0.029682884,0.536832317,0.010242925,0.043728606,0.30924835,0.043593895,0.021803648
0.001285576,0.007655252,0.057053458,0.409665868,0.018530537,0.076127234,0.315921255,0.073226981,0.040533839
0.001073119,0.006436491,0.048036633,0.442006351,0.015617357,0.066574856,0.321391789,0.064464568,0.034398837
0.00056283,0.003457615,0.026918899,0.503705802,0.009041563,0.041452334,0.352980499,0.042444101,0.019436357
0.001945548,0.011538892,0.083026028,0.335879232,0.026388435,0.10144755,0.285911943,0.095378055,0.058484316
0.001131679,0.007040609,0.054145335,0.381260073,0.017974234,0.082646942,0.334799829,0.081182965,0.039818335
0.00191765,0.012829343,0.128402842,0.218450928,0.030466628,0.16182632,0.224281514,0.135425555,0.086399219
0.001039596,0.006520499,0.047308262,0.391072778,0.016517767,0.077046123,0.346126964,0.078010283,0.036357729
0.000897238,0.005421836,0.038531456,0.485026096,0.012888045,0.057394649,0.315585881,0.055493621,0.028761179
0.00103355,0.007016808,0.070225752,0.335175858,0.015580178,0.114271463,0.313163012,0.094850933,0.048682446
0.001081906,0.007560929,0.053002039,0.238491136,0.020760482,0.129326726,0.322073867,0.182468797,0.045234117
0.000626643,0.004091211,0.028982419,0.432363245,0.009860121,0.056570434,0.384635165,0.059616429,0.023254333
0.00116249,0.00863253,0.097505836,0.211697483,0.018184565,0.205141917,0.233290796,0.153780088,0.070604294
0.001287284,0.009077105,0.106005288,0.248502745,0.020012016,0.163035718,0.256740352,0.126271311,0.069068181
0.001991455,0.012953404,0.071866246,0.145791854,0.103831975,0.134169329,0.194937039,0.269872557,0.064586142
0.002911377,0.018428423,0.070560551,0.09056188,0.368174194,0.106114099,0.10818225,0.166908562,0.068158665
0.00095363,0.006203071,0.042144866,0.224005085,0.027694517,0.091547518,0.39537502,0.176807198,0.035269096
0.000486794,0.00301757,0.0189169,0.272789638,0.010911088,0.038232946,0.580061036,0.059794828,0.015789199
0.000326298,0.002042616,0.013566216,0.254299672,0.007307345,0.027012361,0.644931705,0.039490954,0.011022833
0.000878879,0.005496571,0.034685532,0.286564955,0.022126596,0.066995024,0.453941713,0.100725581,0.028585149
0.001752354,0.011662669,0.070482533,0.182213099,0.059961291,0.137245456,0.245383058,0.230134959,0.061164582
0.00288965,0.01909583,0.085208912,0.111064517,0.210567877,0.135472313,0.135547596,0.219394936,0.08075837
0.001745887,0.011626612,0.068990072,0.152810436,0.077470916,0.136959969,0.210589812,0.278502324,0.061303972
0.000933084,0.006094673,0.042605804,0.240012805,0.024854374,0.090590897,0.4082045,0.151570331,0.035133533
0.002812018,0.01934577,0.075054452,0.077406179,0.331595735,0.117569438,0.093455925,0.206458926,0.076301558
0.001192055,0.008083692,0.054031882,0.163110748,0.038322483,0.127259922,0.250395218,0.309937729,0.047666273
0.001292035,0.009010434,0.062955134,0.122657891,0.047287325,0.146141315,0.174845053,0.379639636,0.056171176
0.000854649,0.005762363,0.043307602,0.206758582,0.022076704,0.104593345,0.369236993,0.211410924,0.035998837
0.00049305,0.002956038,0.017905042,0.367408868,0.009693913,0.032923799,0.509159686,0.044761937,0.014697667
0.000197908,0.001175795,0.007064596,0.465208965,0.003676921,0.012780425,0.487510453,0.016612078,0.005772859
0.000303552,0.001864428,0.011867738,0.274809242,0.006476578,0.023154933,0.638314598,0.033464955,0.009743976
0.000477412,0.002986359,0.018478631,0.294461393,0.010397329,0.037514132,0.564932178,0.055258095,0.01549447
0.001191756,0.007621448,0.052725261,0.232911085,0.036399514,0.101074419,0.356238551,0.1692206,0.042617365
0.002180355,0.014901708,0.075281289,0.114896509,0.114529671,0.146440829,0.14867913,0.31067834,0.072412168
0.002498142,0.016743682,0.083588162,0.128831404,0.093882434,0.154583858,0.162245545,0.278101216,0.079525557
0.002116239,0.014450351,0.073253541,0.128171987,0.100158869,0.146573206,0.166895654,0.298629461,0.069750691
0.002128018,0.014241609,0.068302266,0.12873742,0.087262212,0.140556409,0.167960597,0.323870333,0.066941136
0.002303404,0.014036582,0.033117462,0.029877302,0.752832627,0.041978373,0.033876144,0.057033162,0.034944945
0.004808487,0.025766064,0.048723648,0.044244496,0.64684626,0.057516628,0.048952834,0.072244398,0.050897187
0.001907591,0.011749069,0.033003865,0.032084706,0.750831489,0.042522487,0.036621951,0.057934215,0.033344627
0.006113985,0.032105586,0.058599979,0.051457014,0.586066686,0.067049045,0.056563229,0.081323231,0.060721244
0.008166444,0.039887356,0.064230893,0.057988556,0.534383417,0.074136852,0.063461718,0.090179457,0.067565308
0.001384723,0.008358691,0.0185071,0.016129473,0.866073159,0.022610766,0.018149171,0.029385458,0.019401459
0.002508627,0.016947316,0.076080965,0.103909998,0.199296672,0.134411379,0.130552291,0.262048681,0.074244072
0.002571939,0.017699755,0.074835877,0.088337622,0.301358478,0.122244407,0.107907023,0.211295073,0.073749827
0.001542263,0.010274769,0.027248531,0.023878226,0.79206423,0.036524679,0.027554895,0.051979666,0.028932742
0.001111997,0.007421175,0.020187247,0.017521552,0.84591042,0.02703165,0.020266253,0.03914099,0.021408716
0.007121015,0.038029854,0.066761287,0.058772535,0.516799841,0.078576093,0.064839941,0.098157291,0.070942143
0.003344318,0.020947221,0.045440302,0.039558114,0.656388788,0.058833354,0.044938896,0.081097988,0.049451016
0.002643655,0.01691854,0.078137914,0.125254987,0.196561432,0.129039833,0.155627783,0.223119551,0.072696305
0.002234842,0.015262126,0.080295792,0.117143239,0.150469312,0.143098776,0.149310576,0.267520447,0.07466489
0.004179941,0.025086218,0.04988133,0.041712055,0.646181543,0.059398557,0.046551887,0.074325138,0.052683333
0.001735481,0.010745443,0.024922451,0.020538168,0.824493975,0.029860905,0.023130429,0.038584016,0.025989132
0.002363638,0.01587764,0.078686552,0.111246239,0.186547318,0.135910098,0.140361533,0.254905165,0.074101818
0.002380385,0.016303717,0.062673699,0.060225486,0.494649595,0.09051256,0.071650415,0.139196595,0.062407548
0.008634408,0.048449007,0.092994223,0.084831637,0.34530348,0.107476763,0.092440062,0.124544968,0.095325451
0.004102262,0.026434034,0.079453793,0.070285248,0.440377338,0.097951248,0.079542146,0.123023039,0.078830892
0.003993779,0.02424561,0.156697297,0.173151541,0.056482343,0.152776556,0.176849622,0.14240981,0.113393442
0.00346939,0.022637801,0.181378516,0.147580708,0.05633245,0.163896939,0.155673339,0.146227621,0.122803236
0.005429619,0.029846399,0.134731871,0.178936114,0.071709537,0.145284319,0.180557591,0.142911433,0.110593117
0.002311099,0.015102586,0.122725913,0.209743141,0.0369834,0.160272675,0.217068756,0.14596468,0.089827748
0.019119252,0.074785839,0.147647203,0.126434075,0.104481499,0.135235542,0.127288997,0.128500406,0.136507186
0.004521455,0.0276764,0.164917943,0.153836143,0.063131647,0.159490908,0.157821494,0.143989771,0.124614238
0.012851591,0.062713466,0.16786368,0.122315415,0.091749725,0.141995016,0.124104858,0.130271963,0.146134285
0.002989123,0.025066035,0.314114162,0.076242656,0.034832208,0.170737138,0.079645278,0.110320566,0.186052833
0.001843315,0.012441079,0.156365494,0.201029339,0.028233059,0.170737991,0.205677873,0.132828983,0.090842867
0.002179607,0.016714803,0.271877063,0.10785474,0.028101329,0.193392021,0.111259707,0.120377453,0.148243276
0.001384597,0.011343388,0.319495689,0.07421529,0.020401364,0.228807629,0.08042198,0.115942678,0.147987386
0.001484048,0.011469393,0.18824023,0.129607015,0.02395983,0.237964801,0.14312139,0.15606964,0.108083654
0.003139008,0.025605377,0.258756747,0.080092378,0.042567471,0.184468389,0.085572071,0.130778637,0.189019922
0.004399321,0.033369787,0.234879114,0.098659749,0.048830265,0.174396354,0.102328169,0.13066875,0.17246849
0.001398305,0.012574305,0.249797162,0.065200819,0.019739348,0.277184186,0.070925171,0.12510642,0.178074284
0.001400656,0.012710693,0.259730802,0.065930621,0.019575656,0.27361455,0.070914856,0.116232387,0.179889779
0.00405222,0.044729732,0.287250376,0.053744398,0.036351362,0.142068809,0.056331694,0.090726604,0.284744806
0.005714389,0.06092772,0.227633372,0.066806003,0.044478936,0.152783988,0.069630946,0.106270026,0.26575462
0.013947772,0.12959401,0.18141936,0.080978421,0.060280819,0.138539819,0.08261633,0.108775386,0.203848082
0.167232404,0.119886701,0.106638263,0.097214139,0.09941626,0.10333813,0.097456415,0.101201275,0.107616413
0.001804455,0.016913304,0.404514939,0.044411463,0.027791849,0.153050564,0.048382997,0.091387307,0.211743123
0.002209896,0.018627192,0.346669467,0.071799234,0.027046433,0.177250839,0.074894315,0.102135581,0.179367043
0.001217883,0.010526473,0.322512199,0.061415403,0.02129479,0.244284023,0.068816706,0.123154163,0.146778359
0.001709702,0.015142043,0.332085272,0.062394304,0.023302624,0.202277242,0.066894713,0.107691538,0.188502563
0.005565287,0.083776396,0.233370603,0.052974283,0.038802708,0.136073314,0.055428715,0.091979862,0.302028832
0.00877092,0.087921746,0.233222903,0.071512843,0.052788766,0.14183743,0.073618445,0.1039871,0.226339847
0.002207388,0.020295275,0.347590716,0.06299206,0.02423339,0.171215191,0.065566984,0.094216526,0.211682471
0.00161646,0.016052133,0.226678132,0.062098843,0.021484268,0.26465306,0.067159853,0.122839434,0.217417816
0.001125451,0.009978437,0.214430752,0.068294071,0.016172798,0.339318935,0.074674283,0.126439212,0.14956606
0.001721808,0.016564136,0.314192594,0.049425357,0.024487317,0.199739947,0.053768728,0.106818845,0.233281268
0.001153743,0.010418909,0.25599188,0.050668158,0.019110114,0.295284362,0.057031783,0.133217759,0.177123293
